SimulationTime 60
SimulationStepTime 10
Conductivity 0.8
Alfa 5.6
Tot 0
InitialTemp 100
Density 2500
SpecificHeat 792
Nodes number 1326
Elements number 1250
*Node
    1, 0.0, 0.0
    2, 0.0, 0.002
    3, 0.0, 0.004
    4, 0.0, 0.006000000000000001
    5, 0.0, 0.008
    6, 0.0, 0.01
    7, 0.0, 0.012000000000000002
    8, 0.0, 0.014000000000000002
    9, 0.0, 0.016
    10, 0.0, 0.018000000000000002
    11, 0.0, 0.02
    12, 0.0, 0.022000000000000002
    13, 0.0, 0.024000000000000004
    14, 0.0, 0.026000000000000002
    15, 0.0, 0.028000000000000004
    16, 0.0, 0.03
    17, 0.0, 0.032
    18, 0.0, 0.034
    19, 0.0, 0.036000000000000004
    20, 0.0, 0.038000000000000006
    21, 0.0, 0.04
    22, 0.0, 0.042
    23, 0.0, 0.044000000000000004
    24, 0.0, 0.046000000000000006
    25, 0.0, 0.04800000000000001
    26, 0.0, 0.05
    27, 0.0, 0.052000000000000005
    28, 0.0, 0.054000000000000006
    29, 0.0, 0.05600000000000001
    30, 0.0, 0.05800000000000001
    31, 0.0, 0.06
    32, 0.0, 0.062
    33, 0.0, 0.064
    34, 0.0, 0.066
    35, 0.0, 0.068
    36, 0.0, 0.07
    37, 0.0, 0.07200000000000001
    38, 0.0, 0.07400000000000001
    39, 0.0, 0.07600000000000001
    40, 0.0, 0.07800000000000001
    41, 0.0, 0.08
    42, 0.0, 0.08200000000000002
    43, 0.0, 0.084
    44, 0.0, 0.086
    45, 0.0, 0.08800000000000001
    46, 0.0, 0.09
    47, 0.0, 0.09200000000000001
    48, 0.0, 0.094
    49, 0.0, 0.09600000000000002
    50, 0.0, 0.098
    51, 0.0, 0.1
    52, 0.002, 0.0
    53, 0.002, 0.002
    54, 0.002, 0.004
    55, 0.002, 0.006000000000000001
    56, 0.002, 0.008
    57, 0.002, 0.01
    58, 0.002, 0.012000000000000002
    59, 0.002, 0.014000000000000002
    60, 0.002, 0.016
    61, 0.002, 0.018000000000000002
    62, 0.002, 0.02
    63, 0.002, 0.022000000000000002
    64, 0.002, 0.024000000000000004
    65, 0.002, 0.026000000000000002
    66, 0.002, 0.028000000000000004
    67, 0.002, 0.03
    68, 0.002, 0.032
    69, 0.002, 0.034
    70, 0.002, 0.036000000000000004
    71, 0.002, 0.038000000000000006
    72, 0.002, 0.04
    73, 0.002, 0.042
    74, 0.002, 0.044000000000000004
    75, 0.002, 0.046000000000000006
    76, 0.002, 0.04800000000000001
    77, 0.002, 0.05
    78, 0.002, 0.052000000000000005
    79, 0.002, 0.054000000000000006
    80, 0.002, 0.05600000000000001
    81, 0.002, 0.05800000000000001
    82, 0.002, 0.06
    83, 0.002, 0.062
    84, 0.002, 0.064
    85, 0.002, 0.066
    86, 0.002, 0.068
    87, 0.002, 0.07
    88, 0.002, 0.07200000000000001
    89, 0.002, 0.07400000000000001
    90, 0.002, 0.07600000000000001
    91, 0.002, 0.07800000000000001
    92, 0.002, 0.08
    93, 0.002, 0.08200000000000002
    94, 0.002, 0.084
    95, 0.002, 0.086
    96, 0.002, 0.08800000000000001
    97, 0.002, 0.09
    98, 0.002, 0.09200000000000001
    99, 0.002, 0.094
    100, 0.002, 0.09600000000000002
    101, 0.002, 0.098
    102, 0.002, 0.1
    103, 0.004, 0.0
    104, 0.004, 0.002
    105, 0.004, 0.004
    106, 0.004, 0.006000000000000001
    107, 0.004, 0.008
    108, 0.004, 0.01
    109, 0.004, 0.012000000000000002
    110, 0.004, 0.014000000000000002
    111, 0.004, 0.016
    112, 0.004, 0.018000000000000002
    113, 0.004, 0.02
    114, 0.004, 0.022000000000000002
    115, 0.004, 0.024000000000000004
    116, 0.004, 0.026000000000000002
    117, 0.004, 0.028000000000000004
    118, 0.004, 0.03
    119, 0.004, 0.032
    120, 0.004, 0.034
    121, 0.004, 0.036000000000000004
    122, 0.004, 0.038000000000000006
    123, 0.004, 0.04
    124, 0.004, 0.042
    125, 0.004, 0.044000000000000004
    126, 0.004, 0.046000000000000006
    127, 0.004, 0.04800000000000001
    128, 0.004, 0.05
    129, 0.004, 0.052000000000000005
    130, 0.004, 0.054000000000000006
    131, 0.004, 0.05600000000000001
    132, 0.004, 0.05800000000000001
    133, 0.004, 0.06
    134, 0.004, 0.062
    135, 0.004, 0.064
    136, 0.004, 0.066
    137, 0.004, 0.068
    138, 0.004, 0.07
    139, 0.004, 0.07200000000000001
    140, 0.004, 0.07400000000000001
    141, 0.004, 0.07600000000000001
    142, 0.004, 0.07800000000000001
    143, 0.004, 0.08
    144, 0.004, 0.08200000000000002
    145, 0.004, 0.084
    146, 0.004, 0.086
    147, 0.004, 0.08800000000000001
    148, 0.004, 0.09
    149, 0.004, 0.09200000000000001
    150, 0.004, 0.094
    151, 0.004, 0.09600000000000002
    152, 0.004, 0.098
    153, 0.004, 0.1
    154, 0.006, 0.0
    155, 0.006, 0.002
    156, 0.006, 0.004
    157, 0.006, 0.006000000000000001
    158, 0.006, 0.008
    159, 0.006, 0.01
    160, 0.006, 0.012000000000000002
    161, 0.006, 0.014000000000000002
    162, 0.006, 0.016
    163, 0.006, 0.018000000000000002
    164, 0.006, 0.02
    165, 0.006, 0.022000000000000002
    166, 0.006, 0.024000000000000004
    167, 0.006, 0.026000000000000002
    168, 0.006, 0.028000000000000004
    169, 0.006, 0.03
    170, 0.006, 0.032
    171, 0.006, 0.034
    172, 0.006, 0.036000000000000004
    173, 0.006, 0.038000000000000006
    174, 0.006, 0.04
    175, 0.006, 0.042
    176, 0.006, 0.044000000000000004
    177, 0.006, 0.046000000000000006
    178, 0.006, 0.04800000000000001
    179, 0.006, 0.05
    180, 0.006, 0.052000000000000005
    181, 0.006, 0.054000000000000006
    182, 0.006, 0.05600000000000001
    183, 0.006, 0.05800000000000001
    184, 0.006, 0.06
    185, 0.006, 0.062
    186, 0.006, 0.064
    187, 0.006, 0.066
    188, 0.006, 0.068
    189, 0.006, 0.07
    190, 0.006, 0.07200000000000001
    191, 0.006, 0.07400000000000001
    192, 0.006, 0.07600000000000001
    193, 0.006, 0.07800000000000001
    194, 0.006, 0.08
    195, 0.006, 0.08200000000000002
    196, 0.006, 0.084
    197, 0.006, 0.086
    198, 0.006, 0.08800000000000001
    199, 0.006, 0.09
    200, 0.006, 0.09200000000000001
    201, 0.006, 0.094
    202, 0.006, 0.09600000000000002
    203, 0.006, 0.098
    204, 0.006, 0.1
    205, 0.008, 0.0
    206, 0.008, 0.002
    207, 0.008, 0.004
    208, 0.008, 0.006000000000000001
    209, 0.008, 0.008
    210, 0.008, 0.01
    211, 0.008, 0.012000000000000002
    212, 0.008, 0.014000000000000002
    213, 0.008, 0.016
    214, 0.008, 0.018000000000000002
    215, 0.008, 0.02
    216, 0.008, 0.022000000000000002
    217, 0.008, 0.024000000000000004
    218, 0.008, 0.026000000000000002
    219, 0.008, 0.028000000000000004
    220, 0.008, 0.03
    221, 0.008, 0.032
    222, 0.008, 0.034
    223, 0.008, 0.036000000000000004
    224, 0.008, 0.038000000000000006
    225, 0.008, 0.04
    226, 0.008, 0.042
    227, 0.008, 0.044000000000000004
    228, 0.008, 0.046000000000000006
    229, 0.008, 0.04800000000000001
    230, 0.008, 0.05
    231, 0.008, 0.052000000000000005
    232, 0.008, 0.054000000000000006
    233, 0.008, 0.05600000000000001
    234, 0.008, 0.05800000000000001
    235, 0.008, 0.06
    236, 0.008, 0.062
    237, 0.008, 0.064
    238, 0.008, 0.066
    239, 0.008, 0.068
    240, 0.008, 0.07
    241, 0.008, 0.07200000000000001
    242, 0.008, 0.07400000000000001
    243, 0.008, 0.07600000000000001
    244, 0.008, 0.07800000000000001
    245, 0.008, 0.08
    246, 0.008, 0.08200000000000002
    247, 0.008, 0.084
    248, 0.008, 0.086
    249, 0.008, 0.08800000000000001
    250, 0.008, 0.09
    251, 0.008, 0.09200000000000001
    252, 0.008, 0.094
    253, 0.008, 0.09600000000000002
    254, 0.008, 0.098
    255, 0.008, 0.1
    256, 0.01, 0.0
    257, 0.01, 0.002
    258, 0.01, 0.004
    259, 0.01, 0.006000000000000001
    260, 0.01, 0.008
    261, 0.01, 0.01
    262, 0.01, 0.012000000000000002
    263, 0.01, 0.014000000000000002
    264, 0.01, 0.016
    265, 0.01, 0.018000000000000002
    266, 0.01, 0.02
    267, 0.01, 0.022000000000000002
    268, 0.01, 0.024000000000000004
    269, 0.01, 0.026000000000000002
    270, 0.01, 0.028000000000000004
    271, 0.01, 0.03
    272, 0.01, 0.032
    273, 0.01, 0.034
    274, 0.01, 0.036000000000000004
    275, 0.01, 0.038000000000000006
    276, 0.01, 0.04
    277, 0.01, 0.042
    278, 0.01, 0.044000000000000004
    279, 0.01, 0.046000000000000006
    280, 0.01, 0.04800000000000001
    281, 0.01, 0.05
    282, 0.01, 0.052000000000000005
    283, 0.01, 0.054000000000000006
    284, 0.01, 0.05600000000000001
    285, 0.01, 0.05800000000000001
    286, 0.01, 0.06
    287, 0.01, 0.062
    288, 0.01, 0.064
    289, 0.01, 0.066
    290, 0.01, 0.068
    291, 0.01, 0.07
    292, 0.01, 0.07200000000000001
    293, 0.01, 0.07400000000000001
    294, 0.01, 0.07600000000000001
    295, 0.01, 0.07800000000000001
    296, 0.01, 0.08
    297, 0.01, 0.08200000000000002
    298, 0.01, 0.084
    299, 0.01, 0.086
    300, 0.01, 0.08800000000000001
    301, 0.01, 0.09
    302, 0.01, 0.09200000000000001
    303, 0.01, 0.094
    304, 0.01, 0.09600000000000002
    305, 0.01, 0.098
    306, 0.01, 0.1
    307, 0.012, 0.0
    308, 0.012, 0.002
    309, 0.012, 0.004
    310, 0.012, 0.006000000000000001
    311, 0.012, 0.008
    312, 0.012, 0.01
    313, 0.012, 0.012000000000000002
    314, 0.012, 0.014000000000000002
    315, 0.012, 0.016
    316, 0.012, 0.018000000000000002
    317, 0.012, 0.02
    318, 0.012, 0.022000000000000002
    319, 0.012, 0.024000000000000004
    320, 0.012, 0.026000000000000002
    321, 0.012, 0.028000000000000004
    322, 0.012, 0.03
    323, 0.012, 0.032
    324, 0.012, 0.034
    325, 0.012, 0.036000000000000004
    326, 0.012, 0.038000000000000006
    327, 0.012, 0.04
    328, 0.012, 0.042
    329, 0.012, 0.044000000000000004
    330, 0.012, 0.046000000000000006
    331, 0.012, 0.04800000000000001
    332, 0.012, 0.05
    333, 0.012, 0.052000000000000005
    334, 0.012, 0.054000000000000006
    335, 0.012, 0.05600000000000001
    336, 0.012, 0.05800000000000001
    337, 0.012, 0.06
    338, 0.012, 0.062
    339, 0.012, 0.064
    340, 0.012, 0.066
    341, 0.012, 0.068
    342, 0.012, 0.07
    343, 0.012, 0.07200000000000001
    344, 0.012, 0.07400000000000001
    345, 0.012, 0.07600000000000001
    346, 0.012, 0.07800000000000001
    347, 0.012, 0.08
    348, 0.012, 0.08200000000000002
    349, 0.012, 0.084
    350, 0.012, 0.086
    351, 0.012, 0.08800000000000001
    352, 0.012, 0.09
    353, 0.012, 0.09200000000000001
    354, 0.012, 0.094
    355, 0.012, 0.09600000000000002
    356, 0.012, 0.098
    357, 0.012, 0.1
    358, 0.014, 0.0
    359, 0.014, 0.002
    360, 0.014, 0.004
    361, 0.014, 0.006000000000000001
    362, 0.014, 0.008
    363, 0.014, 0.01
    364, 0.014, 0.012000000000000002
    365, 0.014, 0.014000000000000002
    366, 0.014, 0.016
    367, 0.014, 0.018000000000000002
    368, 0.014, 0.02
    369, 0.014, 0.022000000000000002
    370, 0.014, 0.024000000000000004
    371, 0.014, 0.026000000000000002
    372, 0.014, 0.028000000000000004
    373, 0.014, 0.03
    374, 0.014, 0.032
    375, 0.014, 0.034
    376, 0.014, 0.036000000000000004
    377, 0.014, 0.038000000000000006
    378, 0.014, 0.04
    379, 0.014, 0.042
    380, 0.014, 0.044000000000000004
    381, 0.014, 0.046000000000000006
    382, 0.014, 0.04800000000000001
    383, 0.014, 0.05
    384, 0.014, 0.052000000000000005
    385, 0.014, 0.054000000000000006
    386, 0.014, 0.05600000000000001
    387, 0.014, 0.05800000000000001
    388, 0.014, 0.06
    389, 0.014, 0.062
    390, 0.014, 0.064
    391, 0.014, 0.066
    392, 0.014, 0.068
    393, 0.014, 0.07
    394, 0.014, 0.07200000000000001
    395, 0.014, 0.07400000000000001
    396, 0.014, 0.07600000000000001
    397, 0.014, 0.07800000000000001
    398, 0.014, 0.08
    399, 0.014, 0.08200000000000002
    400, 0.014, 0.084
    401, 0.014, 0.086
    402, 0.014, 0.08800000000000001
    403, 0.014, 0.09
    404, 0.014, 0.09200000000000001
    405, 0.014, 0.094
    406, 0.014, 0.09600000000000002
    407, 0.014, 0.098
    408, 0.014, 0.1
    409, 0.016, 0.0
    410, 0.016, 0.002
    411, 0.016, 0.004
    412, 0.016, 0.006000000000000001
    413, 0.016, 0.008
    414, 0.016, 0.01
    415, 0.016, 0.012000000000000002
    416, 0.016, 0.014000000000000002
    417, 0.016, 0.016
    418, 0.016, 0.018000000000000002
    419, 0.016, 0.02
    420, 0.016, 0.022000000000000002
    421, 0.016, 0.024000000000000004
    422, 0.016, 0.026000000000000002
    423, 0.016, 0.028000000000000004
    424, 0.016, 0.03
    425, 0.016, 0.032
    426, 0.016, 0.034
    427, 0.016, 0.036000000000000004
    428, 0.016, 0.038000000000000006
    429, 0.016, 0.04
    430, 0.016, 0.042
    431, 0.016, 0.044000000000000004
    432, 0.016, 0.046000000000000006
    433, 0.016, 0.04800000000000001
    434, 0.016, 0.05
    435, 0.016, 0.052000000000000005
    436, 0.016, 0.054000000000000006
    437, 0.016, 0.05600000000000001
    438, 0.016, 0.05800000000000001
    439, 0.016, 0.06
    440, 0.016, 0.062
    441, 0.016, 0.064
    442, 0.016, 0.066
    443, 0.016, 0.068
    444, 0.016, 0.07
    445, 0.016, 0.07200000000000001
    446, 0.016, 0.07400000000000001
    447, 0.016, 0.07600000000000001
    448, 0.016, 0.07800000000000001
    449, 0.016, 0.08
    450, 0.016, 0.08200000000000002
    451, 0.016, 0.084
    452, 0.016, 0.086
    453, 0.016, 0.08800000000000001
    454, 0.016, 0.09
    455, 0.016, 0.09200000000000001
    456, 0.016, 0.094
    457, 0.016, 0.09600000000000002
    458, 0.016, 0.098
    459, 0.016, 0.1
    460, 0.018000000000000002, 0.0
    461, 0.018000000000000002, 0.002
    462, 0.018000000000000002, 0.004
    463, 0.018000000000000002, 0.006000000000000001
    464, 0.018000000000000002, 0.008
    465, 0.018000000000000002, 0.01
    466, 0.018000000000000002, 0.012000000000000002
    467, 0.018000000000000002, 0.014000000000000002
    468, 0.018000000000000002, 0.016
    469, 0.018000000000000002, 0.018000000000000002
    470, 0.018000000000000002, 0.02
    471, 0.018000000000000002, 0.022000000000000002
    472, 0.018000000000000002, 0.024000000000000004
    473, 0.018000000000000002, 0.026000000000000002
    474, 0.018000000000000002, 0.028000000000000004
    475, 0.018000000000000002, 0.03
    476, 0.018000000000000002, 0.032
    477, 0.018000000000000002, 0.034
    478, 0.018000000000000002, 0.036000000000000004
    479, 0.018000000000000002, 0.038000000000000006
    480, 0.018000000000000002, 0.04
    481, 0.018000000000000002, 0.042
    482, 0.018000000000000002, 0.044000000000000004
    483, 0.018000000000000002, 0.046000000000000006
    484, 0.018000000000000002, 0.04800000000000001
    485, 0.018000000000000002, 0.05
    486, 0.018000000000000002, 0.052000000000000005
    487, 0.018000000000000002, 0.054000000000000006
    488, 0.018000000000000002, 0.05600000000000001
    489, 0.018000000000000002, 0.05800000000000001
    490, 0.018000000000000002, 0.06
    491, 0.018000000000000002, 0.062
    492, 0.018000000000000002, 0.064
    493, 0.018000000000000002, 0.066
    494, 0.018000000000000002, 0.068
    495, 0.018000000000000002, 0.07
    496, 0.018000000000000002, 0.07200000000000001
    497, 0.018000000000000002, 0.07400000000000001
    498, 0.018000000000000002, 0.07600000000000001
    499, 0.018000000000000002, 0.07800000000000001
    500, 0.018000000000000002, 0.08
    501, 0.018000000000000002, 0.08200000000000002
    502, 0.018000000000000002, 0.084
    503, 0.018000000000000002, 0.086
    504, 0.018000000000000002, 0.08800000000000001
    505, 0.018000000000000002, 0.09
    506, 0.018000000000000002, 0.09200000000000001
    507, 0.018000000000000002, 0.094
    508, 0.018000000000000002, 0.09600000000000002
    509, 0.018000000000000002, 0.098
    510, 0.018000000000000002, 0.1
    511, 0.02, 0.0
    512, 0.02, 0.002
    513, 0.02, 0.004
    514, 0.02, 0.006000000000000001
    515, 0.02, 0.008
    516, 0.02, 0.01
    517, 0.02, 0.012000000000000002
    518, 0.02, 0.014000000000000002
    519, 0.02, 0.016
    520, 0.02, 0.018000000000000002
    521, 0.02, 0.02
    522, 0.02, 0.022000000000000002
    523, 0.02, 0.024000000000000004
    524, 0.02, 0.026000000000000002
    525, 0.02, 0.028000000000000004
    526, 0.02, 0.03
    527, 0.02, 0.032
    528, 0.02, 0.034
    529, 0.02, 0.036000000000000004
    530, 0.02, 0.038000000000000006
    531, 0.02, 0.04
    532, 0.02, 0.042
    533, 0.02, 0.044000000000000004
    534, 0.02, 0.046000000000000006
    535, 0.02, 0.04800000000000001
    536, 0.02, 0.05
    537, 0.02, 0.052000000000000005
    538, 0.02, 0.054000000000000006
    539, 0.02, 0.05600000000000001
    540, 0.02, 0.05800000000000001
    541, 0.02, 0.06
    542, 0.02, 0.062
    543, 0.02, 0.064
    544, 0.02, 0.066
    545, 0.02, 0.068
    546, 0.02, 0.07
    547, 0.02, 0.07200000000000001
    548, 0.02, 0.07400000000000001
    549, 0.02, 0.07600000000000001
    550, 0.02, 0.07800000000000001
    551, 0.02, 0.08
    552, 0.02, 0.08200000000000002
    553, 0.02, 0.084
    554, 0.02, 0.086
    555, 0.02, 0.08800000000000001
    556, 0.02, 0.09
    557, 0.02, 0.09200000000000001
    558, 0.02, 0.094
    559, 0.02, 0.09600000000000002
    560, 0.02, 0.098
    561, 0.02, 0.1
    562, 0.022, 0.0
    563, 0.022, 0.002
    564, 0.022, 0.004
    565, 0.022, 0.006000000000000001
    566, 0.022, 0.008
    567, 0.022, 0.01
    568, 0.022, 0.012000000000000002
    569, 0.022, 0.014000000000000002
    570, 0.022, 0.016
    571, 0.022, 0.018000000000000002
    572, 0.022, 0.02
    573, 0.022, 0.022000000000000002
    574, 0.022, 0.024000000000000004
    575, 0.022, 0.026000000000000002
    576, 0.022, 0.028000000000000004
    577, 0.022, 0.03
    578, 0.022, 0.032
    579, 0.022, 0.034
    580, 0.022, 0.036000000000000004
    581, 0.022, 0.038000000000000006
    582, 0.022, 0.04
    583, 0.022, 0.042
    584, 0.022, 0.044000000000000004
    585, 0.022, 0.046000000000000006
    586, 0.022, 0.04800000000000001
    587, 0.022, 0.05
    588, 0.022, 0.052000000000000005
    589, 0.022, 0.054000000000000006
    590, 0.022, 0.05600000000000001
    591, 0.022, 0.05800000000000001
    592, 0.022, 0.06
    593, 0.022, 0.062
    594, 0.022, 0.064
    595, 0.022, 0.066
    596, 0.022, 0.068
    597, 0.022, 0.07
    598, 0.022, 0.07200000000000001
    599, 0.022, 0.07400000000000001
    600, 0.022, 0.07600000000000001
    601, 0.022, 0.07800000000000001
    602, 0.022, 0.08
    603, 0.022, 0.08200000000000002
    604, 0.022, 0.084
    605, 0.022, 0.086
    606, 0.022, 0.08800000000000001
    607, 0.022, 0.09
    608, 0.022, 0.09200000000000001
    609, 0.022, 0.094
    610, 0.022, 0.09600000000000002
    611, 0.022, 0.098
    612, 0.022, 0.1
    613, 0.024, 0.0
    614, 0.024, 0.002
    615, 0.024, 0.004
    616, 0.024, 0.006000000000000001
    617, 0.024, 0.008
    618, 0.024, 0.01
    619, 0.024, 0.012000000000000002
    620, 0.024, 0.014000000000000002
    621, 0.024, 0.016
    622, 0.024, 0.018000000000000002
    623, 0.024, 0.02
    624, 0.024, 0.022000000000000002
    625, 0.024, 0.024000000000000004
    626, 0.024, 0.026000000000000002
    627, 0.024, 0.028000000000000004
    628, 0.024, 0.03
    629, 0.024, 0.032
    630, 0.024, 0.034
    631, 0.024, 0.036000000000000004
    632, 0.024, 0.038000000000000006
    633, 0.024, 0.04
    634, 0.024, 0.042
    635, 0.024, 0.044000000000000004
    636, 0.024, 0.046000000000000006
    637, 0.024, 0.04800000000000001
    638, 0.024, 0.05
    639, 0.024, 0.052000000000000005
    640, 0.024, 0.054000000000000006
    641, 0.024, 0.05600000000000001
    642, 0.024, 0.05800000000000001
    643, 0.024, 0.06
    644, 0.024, 0.062
    645, 0.024, 0.064
    646, 0.024, 0.066
    647, 0.024, 0.068
    648, 0.024, 0.07
    649, 0.024, 0.07200000000000001
    650, 0.024, 0.07400000000000001
    651, 0.024, 0.07600000000000001
    652, 0.024, 0.07800000000000001
    653, 0.024, 0.08
    654, 0.024, 0.08200000000000002
    655, 0.024, 0.084
    656, 0.024, 0.086
    657, 0.024, 0.08800000000000001
    658, 0.024, 0.09
    659, 0.024, 0.09200000000000001
    660, 0.024, 0.094
    661, 0.024, 0.09600000000000002
    662, 0.024, 0.098
    663, 0.024, 0.1
    664, 0.026000000000000002, 0.0
    665, 0.026000000000000002, 0.002
    666, 0.026000000000000002, 0.004
    667, 0.026000000000000002, 0.006000000000000001
    668, 0.026000000000000002, 0.008
    669, 0.026000000000000002, 0.01
    670, 0.026000000000000002, 0.012000000000000002
    671, 0.026000000000000002, 0.014000000000000002
    672, 0.026000000000000002, 0.016
    673, 0.026000000000000002, 0.018000000000000002
    674, 0.026000000000000002, 0.02
    675, 0.026000000000000002, 0.022000000000000002
    676, 0.026000000000000002, 0.024000000000000004
    677, 0.026000000000000002, 0.026000000000000002
    678, 0.026000000000000002, 0.028000000000000004
    679, 0.026000000000000002, 0.03
    680, 0.026000000000000002, 0.032
    681, 0.026000000000000002, 0.034
    682, 0.026000000000000002, 0.036000000000000004
    683, 0.026000000000000002, 0.038000000000000006
    684, 0.026000000000000002, 0.04
    685, 0.026000000000000002, 0.042
    686, 0.026000000000000002, 0.044000000000000004
    687, 0.026000000000000002, 0.046000000000000006
    688, 0.026000000000000002, 0.04800000000000001
    689, 0.026000000000000002, 0.05
    690, 0.026000000000000002, 0.052000000000000005
    691, 0.026000000000000002, 0.054000000000000006
    692, 0.026000000000000002, 0.05600000000000001
    693, 0.026000000000000002, 0.05800000000000001
    694, 0.026000000000000002, 0.06
    695, 0.026000000000000002, 0.062
    696, 0.026000000000000002, 0.064
    697, 0.026000000000000002, 0.066
    698, 0.026000000000000002, 0.068
    699, 0.026000000000000002, 0.07
    700, 0.026000000000000002, 0.07200000000000001
    701, 0.026000000000000002, 0.07400000000000001
    702, 0.026000000000000002, 0.07600000000000001
    703, 0.026000000000000002, 0.07800000000000001
    704, 0.026000000000000002, 0.08
    705, 0.026000000000000002, 0.08200000000000002
    706, 0.026000000000000002, 0.084
    707, 0.026000000000000002, 0.086
    708, 0.026000000000000002, 0.08800000000000001
    709, 0.026000000000000002, 0.09
    710, 0.026000000000000002, 0.09200000000000001
    711, 0.026000000000000002, 0.094
    712, 0.026000000000000002, 0.09600000000000002
    713, 0.026000000000000002, 0.098
    714, 0.026000000000000002, 0.1
    715, 0.028, 0.0
    716, 0.028, 0.002
    717, 0.028, 0.004
    718, 0.028, 0.006000000000000001
    719, 0.028, 0.008
    720, 0.028, 0.01
    721, 0.028, 0.012000000000000002
    722, 0.028, 0.014000000000000002
    723, 0.028, 0.016
    724, 0.028, 0.018000000000000002
    725, 0.028, 0.02
    726, 0.028, 0.022000000000000002
    727, 0.028, 0.024000000000000004
    728, 0.028, 0.026000000000000002
    729, 0.028, 0.028000000000000004
    730, 0.028, 0.03
    731, 0.028, 0.032
    732, 0.028, 0.034
    733, 0.028, 0.036000000000000004
    734, 0.028, 0.038000000000000006
    735, 0.028, 0.04
    736, 0.028, 0.042
    737, 0.028, 0.044000000000000004
    738, 0.028, 0.046000000000000006
    739, 0.028, 0.04800000000000001
    740, 0.028, 0.05
    741, 0.028, 0.052000000000000005
    742, 0.028, 0.054000000000000006
    743, 0.028, 0.05600000000000001
    744, 0.028, 0.05800000000000001
    745, 0.028, 0.06
    746, 0.028, 0.062
    747, 0.028, 0.064
    748, 0.028, 0.066
    749, 0.028, 0.068
    750, 0.028, 0.07
    751, 0.028, 0.07200000000000001
    752, 0.028, 0.07400000000000001
    753, 0.028, 0.07600000000000001
    754, 0.028, 0.07800000000000001
    755, 0.028, 0.08
    756, 0.028, 0.08200000000000002
    757, 0.028, 0.084
    758, 0.028, 0.086
    759, 0.028, 0.08800000000000001
    760, 0.028, 0.09
    761, 0.028, 0.09200000000000001
    762, 0.028, 0.094
    763, 0.028, 0.09600000000000002
    764, 0.028, 0.098
    765, 0.028, 0.1
    766, 0.03, 0.0
    767, 0.03, 0.002
    768, 0.03, 0.004
    769, 0.03, 0.006000000000000001
    770, 0.03, 0.008
    771, 0.03, 0.01
    772, 0.03, 0.012000000000000002
    773, 0.03, 0.014000000000000002
    774, 0.03, 0.016
    775, 0.03, 0.018000000000000002
    776, 0.03, 0.02
    777, 0.03, 0.022000000000000002
    778, 0.03, 0.024000000000000004
    779, 0.03, 0.026000000000000002
    780, 0.03, 0.028000000000000004
    781, 0.03, 0.03
    782, 0.03, 0.032
    783, 0.03, 0.034
    784, 0.03, 0.036000000000000004
    785, 0.03, 0.038000000000000006
    786, 0.03, 0.04
    787, 0.03, 0.042
    788, 0.03, 0.044000000000000004
    789, 0.03, 0.046000000000000006
    790, 0.03, 0.04800000000000001
    791, 0.03, 0.05
    792, 0.03, 0.052000000000000005
    793, 0.03, 0.054000000000000006
    794, 0.03, 0.05600000000000001
    795, 0.03, 0.05800000000000001
    796, 0.03, 0.06
    797, 0.03, 0.062
    798, 0.03, 0.064
    799, 0.03, 0.066
    800, 0.03, 0.068
    801, 0.03, 0.07
    802, 0.03, 0.07200000000000001
    803, 0.03, 0.07400000000000001
    804, 0.03, 0.07600000000000001
    805, 0.03, 0.07800000000000001
    806, 0.03, 0.08
    807, 0.03, 0.08200000000000002
    808, 0.03, 0.084
    809, 0.03, 0.086
    810, 0.03, 0.08800000000000001
    811, 0.03, 0.09
    812, 0.03, 0.09200000000000001
    813, 0.03, 0.094
    814, 0.03, 0.09600000000000002
    815, 0.03, 0.098
    816, 0.03, 0.1
    817, 0.032, 0.0
    818, 0.032, 0.002
    819, 0.032, 0.004
    820, 0.032, 0.006000000000000001
    821, 0.032, 0.008
    822, 0.032, 0.01
    823, 0.032, 0.012000000000000002
    824, 0.032, 0.014000000000000002
    825, 0.032, 0.016
    826, 0.032, 0.018000000000000002
    827, 0.032, 0.02
    828, 0.032, 0.022000000000000002
    829, 0.032, 0.024000000000000004
    830, 0.032, 0.026000000000000002
    831, 0.032, 0.028000000000000004
    832, 0.032, 0.03
    833, 0.032, 0.032
    834, 0.032, 0.034
    835, 0.032, 0.036000000000000004
    836, 0.032, 0.038000000000000006
    837, 0.032, 0.04
    838, 0.032, 0.042
    839, 0.032, 0.044000000000000004
    840, 0.032, 0.046000000000000006
    841, 0.032, 0.04800000000000001
    842, 0.032, 0.05
    843, 0.032, 0.052000000000000005
    844, 0.032, 0.054000000000000006
    845, 0.032, 0.05600000000000001
    846, 0.032, 0.05800000000000001
    847, 0.032, 0.06
    848, 0.032, 0.062
    849, 0.032, 0.064
    850, 0.032, 0.066
    851, 0.032, 0.068
    852, 0.032, 0.07
    853, 0.032, 0.07200000000000001
    854, 0.032, 0.07400000000000001
    855, 0.032, 0.07600000000000001
    856, 0.032, 0.07800000000000001
    857, 0.032, 0.08
    858, 0.032, 0.08200000000000002
    859, 0.032, 0.084
    860, 0.032, 0.086
    861, 0.032, 0.08800000000000001
    862, 0.032, 0.09
    863, 0.032, 0.09200000000000001
    864, 0.032, 0.094
    865, 0.032, 0.09600000000000002
    866, 0.032, 0.098
    867, 0.032, 0.1
    868, 0.034, 0.0
    869, 0.034, 0.002
    870, 0.034, 0.004
    871, 0.034, 0.006000000000000001
    872, 0.034, 0.008
    873, 0.034, 0.01
    874, 0.034, 0.012000000000000002
    875, 0.034, 0.014000000000000002
    876, 0.034, 0.016
    877, 0.034, 0.018000000000000002
    878, 0.034, 0.02
    879, 0.034, 0.022000000000000002
    880, 0.034, 0.024000000000000004
    881, 0.034, 0.026000000000000002
    882, 0.034, 0.028000000000000004
    883, 0.034, 0.03
    884, 0.034, 0.032
    885, 0.034, 0.034
    886, 0.034, 0.036000000000000004
    887, 0.034, 0.038000000000000006
    888, 0.034, 0.04
    889, 0.034, 0.042
    890, 0.034, 0.044000000000000004
    891, 0.034, 0.046000000000000006
    892, 0.034, 0.04800000000000001
    893, 0.034, 0.05
    894, 0.034, 0.052000000000000005
    895, 0.034, 0.054000000000000006
    896, 0.034, 0.05600000000000001
    897, 0.034, 0.05800000000000001
    898, 0.034, 0.06
    899, 0.034, 0.062
    900, 0.034, 0.064
    901, 0.034, 0.066
    902, 0.034, 0.068
    903, 0.034, 0.07
    904, 0.034, 0.07200000000000001
    905, 0.034, 0.07400000000000001
    906, 0.034, 0.07600000000000001
    907, 0.034, 0.07800000000000001
    908, 0.034, 0.08
    909, 0.034, 0.08200000000000002
    910, 0.034, 0.084
    911, 0.034, 0.086
    912, 0.034, 0.08800000000000001
    913, 0.034, 0.09
    914, 0.034, 0.09200000000000001
    915, 0.034, 0.094
    916, 0.034, 0.09600000000000002
    917, 0.034, 0.098
    918, 0.034, 0.1
    919, 0.036000000000000004, 0.0
    920, 0.036000000000000004, 0.002
    921, 0.036000000000000004, 0.004
    922, 0.036000000000000004, 0.006000000000000001
    923, 0.036000000000000004, 0.008
    924, 0.036000000000000004, 0.01
    925, 0.036000000000000004, 0.012000000000000002
    926, 0.036000000000000004, 0.014000000000000002
    927, 0.036000000000000004, 0.016
    928, 0.036000000000000004, 0.018000000000000002
    929, 0.036000000000000004, 0.02
    930, 0.036000000000000004, 0.022000000000000002
    931, 0.036000000000000004, 0.024000000000000004
    932, 0.036000000000000004, 0.026000000000000002
    933, 0.036000000000000004, 0.028000000000000004
    934, 0.036000000000000004, 0.03
    935, 0.036000000000000004, 0.032
    936, 0.036000000000000004, 0.034
    937, 0.036000000000000004, 0.036000000000000004
    938, 0.036000000000000004, 0.038000000000000006
    939, 0.036000000000000004, 0.04
    940, 0.036000000000000004, 0.042
    941, 0.036000000000000004, 0.044000000000000004
    942, 0.036000000000000004, 0.046000000000000006
    943, 0.036000000000000004, 0.04800000000000001
    944, 0.036000000000000004, 0.05
    945, 0.036000000000000004, 0.052000000000000005
    946, 0.036000000000000004, 0.054000000000000006
    947, 0.036000000000000004, 0.05600000000000001
    948, 0.036000000000000004, 0.05800000000000001
    949, 0.036000000000000004, 0.06
    950, 0.036000000000000004, 0.062
    951, 0.036000000000000004, 0.064
    952, 0.036000000000000004, 0.066
    953, 0.036000000000000004, 0.068
    954, 0.036000000000000004, 0.07
    955, 0.036000000000000004, 0.07200000000000001
    956, 0.036000000000000004, 0.07400000000000001
    957, 0.036000000000000004, 0.07600000000000001
    958, 0.036000000000000004, 0.07800000000000001
    959, 0.036000000000000004, 0.08
    960, 0.036000000000000004, 0.08200000000000002
    961, 0.036000000000000004, 0.084
    962, 0.036000000000000004, 0.086
    963, 0.036000000000000004, 0.08800000000000001
    964, 0.036000000000000004, 0.09
    965, 0.036000000000000004, 0.09200000000000001
    966, 0.036000000000000004, 0.094
    967, 0.036000000000000004, 0.09600000000000002
    968, 0.036000000000000004, 0.098
    969, 0.036000000000000004, 0.1
    970, 0.038, 0.0
    971, 0.038, 0.002
    972, 0.038, 0.004
    973, 0.038, 0.006000000000000001
    974, 0.038, 0.008
    975, 0.038, 0.01
    976, 0.038, 0.012000000000000002
    977, 0.038, 0.014000000000000002
    978, 0.038, 0.016
    979, 0.038, 0.018000000000000002
    980, 0.038, 0.02
    981, 0.038, 0.022000000000000002
    982, 0.038, 0.024000000000000004
    983, 0.038, 0.026000000000000002
    984, 0.038, 0.028000000000000004
    985, 0.038, 0.03
    986, 0.038, 0.032
    987, 0.038, 0.034
    988, 0.038, 0.036000000000000004
    989, 0.038, 0.038000000000000006
    990, 0.038, 0.04
    991, 0.038, 0.042
    992, 0.038, 0.044000000000000004
    993, 0.038, 0.046000000000000006
    994, 0.038, 0.04800000000000001
    995, 0.038, 0.05
    996, 0.038, 0.052000000000000005
    997, 0.038, 0.054000000000000006
    998, 0.038, 0.05600000000000001
    999, 0.038, 0.05800000000000001
    1000, 0.038, 0.06
    1001, 0.038, 0.062
    1002, 0.038, 0.064
    1003, 0.038, 0.066
    1004, 0.038, 0.068
    1005, 0.038, 0.07
    1006, 0.038, 0.07200000000000001
    1007, 0.038, 0.07400000000000001
    1008, 0.038, 0.07600000000000001
    1009, 0.038, 0.07800000000000001
    1010, 0.038, 0.08
    1011, 0.038, 0.08200000000000002
    1012, 0.038, 0.084
    1013, 0.038, 0.086
    1014, 0.038, 0.08800000000000001
    1015, 0.038, 0.09
    1016, 0.038, 0.09200000000000001
    1017, 0.038, 0.094
    1018, 0.038, 0.09600000000000002
    1019, 0.038, 0.098
    1020, 0.038, 0.1
    1021, 0.04, 0.0
    1022, 0.04, 0.002
    1023, 0.04, 0.004
    1024, 0.04, 0.006000000000000001
    1025, 0.04, 0.008
    1026, 0.04, 0.01
    1027, 0.04, 0.012000000000000002
    1028, 0.04, 0.014000000000000002
    1029, 0.04, 0.016
    1030, 0.04, 0.018000000000000002
    1031, 0.04, 0.02
    1032, 0.04, 0.022000000000000002
    1033, 0.04, 0.024000000000000004
    1034, 0.04, 0.026000000000000002
    1035, 0.04, 0.028000000000000004
    1036, 0.04, 0.03
    1037, 0.04, 0.032
    1038, 0.04, 0.034
    1039, 0.04, 0.036000000000000004
    1040, 0.04, 0.038000000000000006
    1041, 0.04, 0.04
    1042, 0.04, 0.042
    1043, 0.04, 0.044000000000000004
    1044, 0.04, 0.046000000000000006
    1045, 0.04, 0.04800000000000001
    1046, 0.04, 0.05
    1047, 0.04, 0.052000000000000005
    1048, 0.04, 0.054000000000000006
    1049, 0.04, 0.05600000000000001
    1050, 0.04, 0.05800000000000001
    1051, 0.04, 0.06
    1052, 0.04, 0.062
    1053, 0.04, 0.064
    1054, 0.04, 0.066
    1055, 0.04, 0.068
    1056, 0.04, 0.07
    1057, 0.04, 0.07200000000000001
    1058, 0.04, 0.07400000000000001
    1059, 0.04, 0.07600000000000001
    1060, 0.04, 0.07800000000000001
    1061, 0.04, 0.08
    1062, 0.04, 0.08200000000000002
    1063, 0.04, 0.084
    1064, 0.04, 0.086
    1065, 0.04, 0.08800000000000001
    1066, 0.04, 0.09
    1067, 0.04, 0.09200000000000001
    1068, 0.04, 0.094
    1069, 0.04, 0.09600000000000002
    1070, 0.04, 0.098
    1071, 0.04, 0.1
    1072, 0.042, 0.0
    1073, 0.042, 0.002
    1074, 0.042, 0.004
    1075, 0.042, 0.006000000000000001
    1076, 0.042, 0.008
    1077, 0.042, 0.01
    1078, 0.042, 0.012000000000000002
    1079, 0.042, 0.014000000000000002
    1080, 0.042, 0.016
    1081, 0.042, 0.018000000000000002
    1082, 0.042, 0.02
    1083, 0.042, 0.022000000000000002
    1084, 0.042, 0.024000000000000004
    1085, 0.042, 0.026000000000000002
    1086, 0.042, 0.028000000000000004
    1087, 0.042, 0.03
    1088, 0.042, 0.032
    1089, 0.042, 0.034
    1090, 0.042, 0.036000000000000004
    1091, 0.042, 0.038000000000000006
    1092, 0.042, 0.04
    1093, 0.042, 0.042
    1094, 0.042, 0.044000000000000004
    1095, 0.042, 0.046000000000000006
    1096, 0.042, 0.04800000000000001
    1097, 0.042, 0.05
    1098, 0.042, 0.052000000000000005
    1099, 0.042, 0.054000000000000006
    1100, 0.042, 0.05600000000000001
    1101, 0.042, 0.05800000000000001
    1102, 0.042, 0.06
    1103, 0.042, 0.062
    1104, 0.042, 0.064
    1105, 0.042, 0.066
    1106, 0.042, 0.068
    1107, 0.042, 0.07
    1108, 0.042, 0.07200000000000001
    1109, 0.042, 0.07400000000000001
    1110, 0.042, 0.07600000000000001
    1111, 0.042, 0.07800000000000001
    1112, 0.042, 0.08
    1113, 0.042, 0.08200000000000002
    1114, 0.042, 0.084
    1115, 0.042, 0.086
    1116, 0.042, 0.08800000000000001
    1117, 0.042, 0.09
    1118, 0.042, 0.09200000000000001
    1119, 0.042, 0.094
    1120, 0.042, 0.09600000000000002
    1121, 0.042, 0.098
    1122, 0.042, 0.1
    1123, 0.044, 0.0
    1124, 0.044, 0.002
    1125, 0.044, 0.004
    1126, 0.044, 0.006000000000000001
    1127, 0.044, 0.008
    1128, 0.044, 0.01
    1129, 0.044, 0.012000000000000002
    1130, 0.044, 0.014000000000000002
    1131, 0.044, 0.016
    1132, 0.044, 0.018000000000000002
    1133, 0.044, 0.02
    1134, 0.044, 0.022000000000000002
    1135, 0.044, 0.024000000000000004
    1136, 0.044, 0.026000000000000002
    1137, 0.044, 0.028000000000000004
    1138, 0.044, 0.03
    1139, 0.044, 0.032
    1140, 0.044, 0.034
    1141, 0.044, 0.036000000000000004
    1142, 0.044, 0.038000000000000006
    1143, 0.044, 0.04
    1144, 0.044, 0.042
    1145, 0.044, 0.044000000000000004
    1146, 0.044, 0.046000000000000006
    1147, 0.044, 0.04800000000000001
    1148, 0.044, 0.05
    1149, 0.044, 0.052000000000000005
    1150, 0.044, 0.054000000000000006
    1151, 0.044, 0.05600000000000001
    1152, 0.044, 0.05800000000000001
    1153, 0.044, 0.06
    1154, 0.044, 0.062
    1155, 0.044, 0.064
    1156, 0.044, 0.066
    1157, 0.044, 0.068
    1158, 0.044, 0.07
    1159, 0.044, 0.07200000000000001
    1160, 0.044, 0.07400000000000001
    1161, 0.044, 0.07600000000000001
    1162, 0.044, 0.07800000000000001
    1163, 0.044, 0.08
    1164, 0.044, 0.08200000000000002
    1165, 0.044, 0.084
    1166, 0.044, 0.086
    1167, 0.044, 0.08800000000000001
    1168, 0.044, 0.09
    1169, 0.044, 0.09200000000000001
    1170, 0.044, 0.094
    1171, 0.044, 0.09600000000000002
    1172, 0.044, 0.098
    1173, 0.044, 0.1
    1174, 0.046, 0.0
    1175, 0.046, 0.002
    1176, 0.046, 0.004
    1177, 0.046, 0.006000000000000001
    1178, 0.046, 0.008
    1179, 0.046, 0.01
    1180, 0.046, 0.012000000000000002
    1181, 0.046, 0.014000000000000002
    1182, 0.046, 0.016
    1183, 0.046, 0.018000000000000002
    1184, 0.046, 0.02
    1185, 0.046, 0.022000000000000002
    1186, 0.046, 0.024000000000000004
    1187, 0.046, 0.026000000000000002
    1188, 0.046, 0.028000000000000004
    1189, 0.046, 0.03
    1190, 0.046, 0.032
    1191, 0.046, 0.034
    1192, 0.046, 0.036000000000000004
    1193, 0.046, 0.038000000000000006
    1194, 0.046, 0.04
    1195, 0.046, 0.042
    1196, 0.046, 0.044000000000000004
    1197, 0.046, 0.046000000000000006
    1198, 0.046, 0.04800000000000001
    1199, 0.046, 0.05
    1200, 0.046, 0.052000000000000005
    1201, 0.046, 0.054000000000000006
    1202, 0.046, 0.05600000000000001
    1203, 0.046, 0.05800000000000001
    1204, 0.046, 0.06
    1205, 0.046, 0.062
    1206, 0.046, 0.064
    1207, 0.046, 0.066
    1208, 0.046, 0.068
    1209, 0.046, 0.07
    1210, 0.046, 0.07200000000000001
    1211, 0.046, 0.07400000000000001
    1212, 0.046, 0.07600000000000001
    1213, 0.046, 0.07800000000000001
    1214, 0.046, 0.08
    1215, 0.046, 0.08200000000000002
    1216, 0.046, 0.084
    1217, 0.046, 0.086
    1218, 0.046, 0.08800000000000001
    1219, 0.046, 0.09
    1220, 0.046, 0.09200000000000001
    1221, 0.046, 0.094
    1222, 0.046, 0.09600000000000002
    1223, 0.046, 0.098
    1224, 0.046, 0.1
    1225, 0.048, 0.0
    1226, 0.048, 0.002
    1227, 0.048, 0.004
    1228, 0.048, 0.006000000000000001
    1229, 0.048, 0.008
    1230, 0.048, 0.01
    1231, 0.048, 0.012000000000000002
    1232, 0.048, 0.014000000000000002
    1233, 0.048, 0.016
    1234, 0.048, 0.018000000000000002
    1235, 0.048, 0.02
    1236, 0.048, 0.022000000000000002
    1237, 0.048, 0.024000000000000004
    1238, 0.048, 0.026000000000000002
    1239, 0.048, 0.028000000000000004
    1240, 0.048, 0.03
    1241, 0.048, 0.032
    1242, 0.048, 0.034
    1243, 0.048, 0.036000000000000004
    1244, 0.048, 0.038000000000000006
    1245, 0.048, 0.04
    1246, 0.048, 0.042
    1247, 0.048, 0.044000000000000004
    1248, 0.048, 0.046000000000000006
    1249, 0.048, 0.04800000000000001
    1250, 0.048, 0.05
    1251, 0.048, 0.052000000000000005
    1252, 0.048, 0.054000000000000006
    1253, 0.048, 0.05600000000000001
    1254, 0.048, 0.05800000000000001
    1255, 0.048, 0.06
    1256, 0.048, 0.062
    1257, 0.048, 0.064
    1258, 0.048, 0.066
    1259, 0.048, 0.068
    1260, 0.048, 0.07
    1261, 0.048, 0.07200000000000001
    1262, 0.048, 0.07400000000000001
    1263, 0.048, 0.07600000000000001
    1264, 0.048, 0.07800000000000001
    1265, 0.048, 0.08
    1266, 0.048, 0.08200000000000002
    1267, 0.048, 0.084
    1268, 0.048, 0.086
    1269, 0.048, 0.08800000000000001
    1270, 0.048, 0.09
    1271, 0.048, 0.09200000000000001
    1272, 0.048, 0.094
    1273, 0.048, 0.09600000000000002
    1274, 0.048, 0.098
    1275, 0.048, 0.1
    1276, 0.05, 0.0
    1277, 0.05, 0.002
    1278, 0.05, 0.004
    1279, 0.05, 0.006000000000000001
    1280, 0.05, 0.008
    1281, 0.05, 0.01
    1282, 0.05, 0.012000000000000002
    1283, 0.05, 0.014000000000000002
    1284, 0.05, 0.016
    1285, 0.05, 0.018000000000000002
    1286, 0.05, 0.02
    1287, 0.05, 0.022000000000000002
    1288, 0.05, 0.024000000000000004
    1289, 0.05, 0.026000000000000002
    1290, 0.05, 0.028000000000000004
    1291, 0.05, 0.03
    1292, 0.05, 0.032
    1293, 0.05, 0.034
    1294, 0.05, 0.036000000000000004
    1295, 0.05, 0.038000000000000006
    1296, 0.05, 0.04
    1297, 0.05, 0.042
    1298, 0.05, 0.044000000000000004
    1299, 0.05, 0.046000000000000006
    1300, 0.05, 0.04800000000000001
    1301, 0.05, 0.05
    1302, 0.05, 0.052000000000000005
    1303, 0.05, 0.054000000000000006
    1304, 0.05, 0.05600000000000001
    1305, 0.05, 0.05800000000000001
    1306, 0.05, 0.06
    1307, 0.05, 0.062
    1308, 0.05, 0.064
    1309, 0.05, 0.066
    1310, 0.05, 0.068
    1311, 0.05, 0.07
    1312, 0.05, 0.07200000000000001
    1313, 0.05, 0.07400000000000001
    1314, 0.05, 0.07600000000000001
    1315, 0.05, 0.07800000000000001
    1316, 0.05, 0.08
    1317, 0.05, 0.08200000000000002
    1318, 0.05, 0.084
    1319, 0.05, 0.086
    1320, 0.05, 0.08800000000000001
    1321, 0.05, 0.09
    1322, 0.05, 0.09200000000000001
    1323, 0.05, 0.094
    1324, 0.05, 0.09600000000000002
    1325, 0.05, 0.098
    1326, 0.05, 0.1
*Element, type=DC2D4
 1, 1, 52, 53, 2, 5.6, 0.8, 2500, 840
2, 2, 53, 54, 3, 5.6, 0.8, 2500, 840
3, 3, 54, 55, 4, 5.6, 0.8, 2500, 840
4, 4, 55, 56, 5, 5.6, 0.8, 2500, 840
5, 5, 56, 57, 6, 5.6, 0.8, 2500, 840
6, 6, 57, 58, 7, 5.6, 0.8, 2500, 840
7, 7, 58, 59, 8, 5.6, 0.8, 2500, 840
8, 8, 59, 60, 9, 5.6, 0.8, 2500, 840
9, 9, 60, 61, 10, 5.6, 0.8, 2500, 840
10, 10, 61, 62, 11, 5.6, 0.8, 2500, 840
11, 11, 62, 63, 12, 5.6, 0.8, 2500, 840
12, 12, 63, 64, 13, 5.6, 0.8, 2500, 840
13, 13, 64, 65, 14, 5.6, 0.8, 2500, 840
14, 14, 65, 66, 15, 5.6, 0.8, 2500, 840
15, 15, 66, 67, 16, 5.6, 0.8, 2500, 840
16, 16, 67, 68, 17, 5.6, 0.8, 2500, 840
17, 17, 68, 69, 18, 5.6, 0.8, 2500, 840
18, 18, 69, 70, 19, 5.6, 0.8, 2500, 840
19, 19, 70, 71, 20, 5.6, 0.8, 2500, 840
20, 20, 71, 72, 21, 5.6, 0.8, 2500, 840
21, 21, 72, 73, 22, 5.6, 0.8, 2500, 840
22, 22, 73, 74, 23, 5.6, 0.8, 2500, 840
23, 23, 74, 75, 24, 5.6, 0.8, 2500, 840
24, 24, 75, 76, 25, 5.6, 0.8, 2500, 840
25, 25, 76, 77, 26, 5.6, 0.8, 2500, 840
26, 26, 77, 78, 27, 5.6, 0.8, 2500, 840
27, 27, 78, 79, 28, 5.6, 0.8, 2500, 840
28, 28, 79, 80, 29, 5.6, 0.8, 2500, 840
29, 29, 80, 81, 30, 5.6, 0.8, 2500, 840
30, 30, 81, 82, 31, 5.6, 0.8, 2500, 840
31, 31, 82, 83, 32, 5.6, 0.8, 2500, 840
32, 32, 83, 84, 33, 5.6, 0.8, 2500, 840
33, 33, 84, 85, 34, 5.6, 0.8, 2500, 840
34, 34, 85, 86, 35, 5.6, 0.8, 2500, 840
35, 35, 86, 87, 36, 5.6, 0.8, 2500, 840
36, 36, 87, 88, 37, 5.6, 0.8, 2500, 840
37, 37, 88, 89, 38, 5.6, 0.8, 2500, 840
38, 38, 89, 90, 39, 5.6, 0.8, 2500, 840
39, 39, 90, 91, 40, 5.6, 0.8, 2500, 840
40, 40, 91, 92, 41, 5.6, 0.8, 2500, 840
41, 41, 92, 93, 42, 5.6, 0.8, 2500, 840
42, 42, 93, 94, 43, 5.6, 0.8, 2500, 840
43, 43, 94, 95, 44, 5.6, 0.8, 2500, 840
44, 44, 95, 96, 45, 5.6, 0.8, 2500, 840
45, 45, 96, 97, 46, 5.6, 0.8, 2500, 840
46, 46, 97, 98, 47, 5.6, 0.8, 2500, 840
47, 47, 98, 99, 48, 5.6, 0.8, 2500, 840
48, 48, 99, 100, 49, 5.6, 0.8, 2500, 840
49, 49, 100, 101, 50, 5.6, 0.8, 2500, 840
50, 50, 101, 102, 51, 5.6, 0.8, 2500, 840
51, 52, 103, 104, 53, 5.6, 0.8, 2500, 840
52, 53, 104, 105, 54, 5.6, 0.8, 2500, 840
53, 54, 105, 106, 55, 5.6, 0.8, 2500, 840
54, 55, 106, 107, 56, 5.6, 0.8, 2500, 840
55, 56, 107, 108, 57, 5.6, 0.8, 2500, 840
56, 57, 108, 109, 58, 5.6, 0.8, 2500, 840
57, 58, 109, 110, 59, 5.6, 0.8, 2500, 840
58, 59, 110, 111, 60, 5.6, 0.8, 2500, 840
59, 60, 111, 112, 61, 5.6, 0.8, 2500, 840
60, 61, 112, 113, 62, 5.6, 0.8, 2500, 840
61, 62, 113, 114, 63, 5.6, 0.8, 2500, 840
62, 63, 114, 115, 64, 5.6, 0.8, 2500, 840
63, 64, 115, 116, 65, 5.6, 0.8, 2500, 840
64, 65, 116, 117, 66, 5.6, 0.8, 2500, 840
65, 66, 117, 118, 67, 5.6, 0.8, 2500, 840
66, 67, 118, 119, 68, 5.6, 0.8, 2500, 840
67, 68, 119, 120, 69, 5.6, 0.8, 2500, 840
68, 69, 120, 121, 70, 5.6, 0.8, 2500, 840
69, 70, 121, 122, 71, 5.6, 0.8, 2500, 840
70, 71, 122, 123, 72, 5.6, 0.8, 2500, 840
71, 72, 123, 124, 73, 5.6, 0.8, 2500, 840
72, 73, 124, 125, 74, 5.6, 0.8, 2500, 840
73, 74, 125, 126, 75, 5.6, 0.8, 2500, 840
74, 75, 126, 127, 76, 5.6, 0.8, 2500, 840
75, 76, 127, 128, 77, 5.6, 0.8, 2500, 840
76, 77, 128, 129, 78, 5.6, 0.8, 2500, 840
77, 78, 129, 130, 79, 5.6, 0.8, 2500, 840
78, 79, 130, 131, 80, 5.6, 0.8, 2500, 840
79, 80, 131, 132, 81, 5.6, 0.8, 2500, 840
80, 81, 132, 133, 82, 5.6, 0.8, 2500, 840
81, 82, 133, 134, 83, 5.6, 0.8, 2500, 840
82, 83, 134, 135, 84, 5.6, 0.8, 2500, 840
83, 84, 135, 136, 85, 5.6, 0.8, 2500, 840
84, 85, 136, 137, 86, 5.6, 0.8, 2500, 840
85, 86, 137, 138, 87, 5.6, 0.8, 2500, 840
86, 87, 138, 139, 88, 5.6, 0.8, 2500, 840
87, 88, 139, 140, 89, 5.6, 0.8, 2500, 840
88, 89, 140, 141, 90, 5.6, 0.8, 2500, 840
89, 90, 141, 142, 91, 5.6, 0.8, 2500, 840
90, 91, 142, 143, 92, 5.6, 0.8, 2500, 840
91, 92, 143, 144, 93, 5.6, 0.8, 2500, 840
92, 93, 144, 145, 94, 5.6, 0.8, 2500, 840
93, 94, 145, 146, 95, 5.6, 0.8, 2500, 840
94, 95, 146, 147, 96, 5.6, 0.8, 2500, 840
95, 96, 147, 148, 97, 5.6, 0.8, 2500, 840
96, 97, 148, 149, 98, 5.6, 0.8, 2500, 840
97, 98, 149, 150, 99, 5.6, 0.8, 2500, 840
98, 99, 150, 151, 100, 5.6, 0.8, 2500, 840
99, 100, 151, 152, 101, 5.6, 0.8, 2500, 840
100, 101, 152, 153, 102, 5.6, 0.8, 2500, 840
101, 103, 154, 155, 104, 5.6, 0.8, 2500, 840
102, 104, 155, 156, 105, 5.6, 0.8, 2500, 840
103, 105, 156, 157, 106, 0, 0.151, 0.1664, 5193
104, 106, 157, 158, 107, 0, 0.151, 0.1664, 5193
105, 107, 158, 159, 108, 0, 0.151, 0.1664, 5193
106, 108, 159, 160, 109, 0, 0.151, 0.1664, 5193
107, 109, 160, 161, 110, 0, 0.151, 0.1664, 5193
108, 110, 161, 162, 111, 0, 0.151, 0.1664, 5193
109, 111, 162, 163, 112, 0, 0.151, 0.1664, 5193
110, 112, 163, 164, 113, 0, 0.151, 0.1664, 5193
111, 113, 164, 165, 114, 0, 0.151, 0.1664, 5193
112, 114, 165, 166, 115, 0, 0.151, 0.1664, 5193
113, 115, 166, 167, 116, 0, 0.151, 0.1664, 5193
114, 116, 167, 168, 117, 0, 0.151, 0.1664, 5193
115, 117, 168, 169, 118, 0, 0.151, 0.1664, 5193
116, 118, 169, 170, 119, 0, 0.151, 0.1664, 5193
117, 119, 170, 171, 120, 0, 0.151, 0.1664, 5193
118, 120, 171, 172, 121, 0, 0.151, 0.1664, 5193
119, 121, 172, 173, 122, 0, 0.151, 0.1664, 5193
120, 122, 173, 174, 123, 0, 0.151, 0.1664, 5193
121, 123, 174, 175, 124, 0, 0.151, 0.1664, 5193
122, 124, 175, 176, 125, 0, 0.151, 0.1664, 5193
123, 125, 176, 177, 126, 0, 0.151, 0.1664, 5193
124, 126, 177, 178, 127, 0, 0.151, 0.1664, 5193
125, 127, 178, 179, 128, 0, 0.151, 0.1664, 5193
126, 128, 179, 180, 129, 0, 0.151, 0.1664, 5193
127, 129, 180, 181, 130, 0, 0.151, 0.1664, 5193
128, 130, 181, 182, 131, 0, 0.151, 0.1664, 5193
129, 131, 182, 183, 132, 0, 0.151, 0.1664, 5193
130, 132, 183, 184, 133, 0, 0.151, 0.1664, 5193
131, 133, 184, 185, 134, 0, 0.151, 0.1664, 5193
132, 134, 185, 186, 135, 0, 0.151, 0.1664, 5193
133, 135, 186, 187, 136, 0, 0.151, 0.1664, 5193
134, 136, 187, 188, 137, 0, 0.151, 0.1664, 5193
135, 137, 188, 189, 138, 0, 0.151, 0.1664, 5193
136, 138, 189, 190, 139, 0, 0.151, 0.1664, 5193
137, 139, 190, 191, 140, 0, 0.151, 0.1664, 5193
138, 140, 191, 192, 141, 0, 0.151, 0.1664, 5193
139, 141, 192, 193, 142, 0, 0.151, 0.1664, 5193
140, 142, 193, 194, 143, 0, 0.151, 0.1664, 5193
141, 143, 194, 195, 144, 0, 0.151, 0.1664, 5193
142, 144, 195, 196, 145, 0, 0.151, 0.1664, 5193
143, 145, 196, 197, 146, 0, 0.151, 0.1664, 5193
144, 146, 197, 198, 147, 0, 0.151, 0.1664, 5193
145, 147, 198, 199, 148, 0, 0.151, 0.1664, 5193
146, 148, 199, 200, 149, 0, 0.151, 0.1664, 5193
147, 149, 200, 201, 150, 0, 0.151, 0.1664, 5193
148, 150, 201, 202, 151, 0, 0.151, 0.1664, 5193
149, 151, 202, 203, 152, 5.6, 0.8, 2500, 840
150, 152, 203, 204, 153, 5.6, 0.8, 2500, 840
151, 154, 205, 206, 155, 5.6, 0.8, 2500, 840
152, 155, 206, 207, 156, 5.6, 0.8, 2500, 840
153, 156, 207, 208, 157, 0, 0.151, 0.1664, 5193
154, 157, 208, 209, 158, 0, 0.151, 0.1664, 5193
155, 158, 209, 210, 159, 0, 0.151, 0.1664, 5193
156, 159, 210, 211, 160, 0, 0.151, 0.1664, 5193
157, 160, 211, 212, 161, 0, 0.151, 0.1664, 5193
158, 161, 212, 213, 162, 0, 0.151, 0.1664, 5193
159, 162, 213, 214, 163, 0, 0.151, 0.1664, 5193
160, 163, 214, 215, 164, 0, 0.151, 0.1664, 5193
161, 164, 215, 216, 165, 0, 0.151, 0.1664, 5193
162, 165, 216, 217, 166, 0, 0.151, 0.1664, 5193
163, 166, 217, 218, 167, 0, 0.151, 0.1664, 5193
164, 167, 218, 219, 168, 0, 0.151, 0.1664, 5193
165, 168, 219, 220, 169, 0, 0.151, 0.1664, 5193
166, 169, 220, 221, 170, 0, 0.151, 0.1664, 5193
167, 170, 221, 222, 171, 0, 0.151, 0.1664, 5193
168, 171, 222, 223, 172, 0, 0.151, 0.1664, 5193
169, 172, 223, 224, 173, 0, 0.151, 0.1664, 5193
170, 173, 224, 225, 174, 0, 0.151, 0.1664, 5193
171, 174, 225, 226, 175, 0, 0.151, 0.1664, 5193
172, 175, 226, 227, 176, 0, 0.151, 0.1664, 5193
173, 176, 227, 228, 177, 0, 0.151, 0.1664, 5193
174, 177, 228, 229, 178, 0, 0.151, 0.1664, 5193
175, 178, 229, 230, 179, 0, 0.151, 0.1664, 5193
176, 179, 230, 231, 180, 0, 0.151, 0.1664, 5193
177, 180, 231, 232, 181, 0, 0.151, 0.1664, 5193
178, 181, 232, 233, 182, 0, 0.151, 0.1664, 5193
179, 182, 233, 234, 183, 0, 0.151, 0.1664, 5193
180, 183, 234, 235, 184, 0, 0.151, 0.1664, 5193
181, 184, 235, 236, 185, 0, 0.151, 0.1664, 5193
182, 185, 236, 237, 186, 0, 0.151, 0.1664, 5193
183, 186, 237, 238, 187, 0, 0.151, 0.1664, 5193
184, 187, 238, 239, 188, 0, 0.151, 0.1664, 5193
185, 188, 239, 240, 189, 0, 0.151, 0.1664, 5193
186, 189, 240, 241, 190, 0, 0.151, 0.1664, 5193
187, 190, 241, 242, 191, 0, 0.151, 0.1664, 5193
188, 191, 242, 243, 192, 0, 0.151, 0.1664, 5193
189, 192, 243, 244, 193, 0, 0.151, 0.1664, 5193
190, 193, 244, 245, 194, 0, 0.151, 0.1664, 5193
191, 194, 245, 246, 195, 0, 0.151, 0.1664, 5193
192, 195, 246, 247, 196, 0, 0.151, 0.1664, 5193
193, 196, 247, 248, 197, 0, 0.151, 0.1664, 5193
194, 197, 248, 249, 198, 0, 0.151, 0.1664, 5193
195, 198, 249, 250, 199, 0, 0.151, 0.1664, 5193
196, 199, 250, 251, 200, 0, 0.151, 0.1664, 5193
197, 200, 251, 252, 201, 0, 0.151, 0.1664, 5193
198, 201, 252, 253, 202, 0, 0.151, 0.1664, 5193
199, 202, 253, 254, 203, 5.6, 0.8, 2500, 840
200, 203, 254, 255, 204, 5.6, 0.8, 2500, 840
201, 205, 256, 257, 206, 5.6, 0.8, 2500, 840
202, 206, 257, 258, 207, 5.6, 0.8, 2500, 840
203, 207, 258, 259, 208, 0, 0.151, 0.1664, 5193
204, 208, 259, 260, 209, 0, 0.151, 0.1664, 5193
205, 209, 260, 261, 210, 0, 0.151, 0.1664, 5193
206, 210, 261, 262, 211, 0, 0.151, 0.1664, 5193
207, 211, 262, 263, 212, 0, 0.151, 0.1664, 5193
208, 212, 263, 264, 213, 0, 0.151, 0.1664, 5193
209, 213, 264, 265, 214, 0, 0.151, 0.1664, 5193
210, 214, 265, 266, 215, 0, 0.151, 0.1664, 5193
211, 215, 266, 267, 216, 0, 0.151, 0.1664, 5193
212, 216, 267, 268, 217, 0, 0.151, 0.1664, 5193
213, 217, 268, 269, 218, 0, 0.151, 0.1664, 5193
214, 218, 269, 270, 219, 0, 0.151, 0.1664, 5193
215, 219, 270, 271, 220, 0, 0.151, 0.1664, 5193
216, 220, 271, 272, 221, 0, 0.151, 0.1664, 5193
217, 221, 272, 273, 222, 0, 0.151, 0.1664, 5193
218, 222, 273, 274, 223, 0, 0.151, 0.1664, 5193
219, 223, 274, 275, 224, 0, 0.151, 0.1664, 5193
220, 224, 275, 276, 225, 0, 0.151, 0.1664, 5193
221, 225, 276, 277, 226, 0, 0.151, 0.1664, 5193
222, 226, 277, 278, 227, 0, 0.151, 0.1664, 5193
223, 227, 278, 279, 228, 0, 0.151, 0.1664, 5193
224, 228, 279, 280, 229, 0, 0.151, 0.1664, 5193
225, 229, 280, 281, 230, 0, 0.151, 0.1664, 5193
226, 230, 281, 282, 231, 0, 0.151, 0.1664, 5193
227, 231, 282, 283, 232, 0, 0.151, 0.1664, 5193
228, 232, 283, 284, 233, 0, 0.151, 0.1664, 5193
229, 233, 284, 285, 234, 0, 0.151, 0.1664, 5193
230, 234, 285, 286, 235, 0, 0.151, 0.1664, 5193
231, 235, 286, 287, 236, 0, 0.151, 0.1664, 5193
232, 236, 287, 288, 237, 0, 0.151, 0.1664, 5193
233, 237, 288, 289, 238, 0, 0.151, 0.1664, 5193
234, 238, 289, 290, 239, 0, 0.151, 0.1664, 5193
235, 239, 290, 291, 240, 0, 0.151, 0.1664, 5193
236, 240, 291, 292, 241, 0, 0.151, 0.1664, 5193
237, 241, 292, 293, 242, 0, 0.151, 0.1664, 5193
238, 242, 293, 294, 243, 0, 0.151, 0.1664, 5193
239, 243, 294, 295, 244, 0, 0.151, 0.1664, 5193
240, 244, 295, 296, 245, 0, 0.151, 0.1664, 5193
241, 245, 296, 297, 246, 0, 0.151, 0.1664, 5193
242, 246, 297, 298, 247, 0, 0.151, 0.1664, 5193
243, 247, 298, 299, 248, 0, 0.151, 0.1664, 5193
244, 248, 299, 300, 249, 0, 0.151, 0.1664, 5193
245, 249, 300, 301, 250, 0, 0.151, 0.1664, 5193
246, 250, 301, 302, 251, 0, 0.151, 0.1664, 5193
247, 251, 302, 303, 252, 0, 0.151, 0.1664, 5193
248, 252, 303, 304, 253, 0, 0.151, 0.1664, 5193
249, 253, 304, 305, 254, 5.6, 0.8, 2500, 840
250, 254, 305, 306, 255, 5.6, 0.8, 2500, 840
251, 256, 307, 308, 257, 5.6, 0.8, 2500, 840
252, 257, 308, 309, 258, 5.6, 0.8, 2500, 840
253, 258, 309, 310, 259, 0, 0.151, 0.1664, 5193
254, 259, 310, 311, 260, 0, 0.151, 0.1664, 5193
255, 260, 311, 312, 261, 0, 0.151, 0.1664, 5193
256, 261, 312, 313, 262, 5.6, 0.8, 2500, 840
257, 262, 313, 314, 263, 5.6, 0.8, 2500, 840
258, 263, 314, 315, 264, 5.6, 0.8, 2500, 840
259, 264, 315, 316, 265, 5.6, 0.8, 2500, 840
260, 265, 316, 317, 266, 5.6, 0.8, 2500, 840
261, 266, 317, 318, 267, 5.6, 0.8, 2500, 840
262, 267, 318, 319, 268, 5.6, 0.8, 2500, 840
263, 268, 319, 320, 269, 5.6, 0.8, 2500, 840
264, 269, 320, 321, 270, 5.6, 0.8, 2500, 840
265, 270, 321, 322, 271, 5.6, 0.8, 2500, 840
266, 271, 322, 323, 272, 5.6, 0.8, 2500, 840
267, 272, 323, 324, 273, 5.6, 0.8, 2500, 840
268, 273, 324, 325, 274, 5.6, 0.8, 2500, 840
269, 274, 325, 326, 275, 5.6, 0.8, 2500, 840
270, 275, 326, 327, 276, 5.6, 0.8, 2500, 840
271, 276, 327, 328, 277, 5.6, 0.8, 2500, 840
272, 277, 328, 329, 278, 5.6, 0.8, 2500, 840
273, 278, 329, 330, 279, 5.6, 0.8, 2500, 840
274, 279, 330, 331, 280, 5.6, 0.8, 2500, 840
275, 280, 331, 332, 281, 5.6, 0.8, 2500, 840
276, 281, 332, 333, 282, 5.6, 0.8, 2500, 840
277, 282, 333, 334, 283, 5.6, 0.8, 2500, 840
278, 283, 334, 335, 284, 5.6, 0.8, 2500, 840
279, 284, 335, 336, 285, 5.6, 0.8, 2500, 840
280, 285, 336, 337, 286, 5.6, 0.8, 2500, 840
281, 286, 337, 338, 287, 5.6, 0.8, 2500, 840
282, 287, 338, 339, 288, 5.6, 0.8, 2500, 840
283, 288, 339, 340, 289, 5.6, 0.8, 2500, 840
284, 289, 340, 341, 290, 5.6, 0.8, 2500, 840
285, 290, 341, 342, 291, 5.6, 0.8, 2500, 840
286, 291, 342, 343, 292, 5.6, 0.8, 2500, 840
287, 292, 343, 344, 293, 5.6, 0.8, 2500, 840
288, 293, 344, 345, 294, 5.6, 0.8, 2500, 840
289, 294, 345, 346, 295, 5.6, 0.8, 2500, 840
290, 295, 346, 347, 296, 5.6, 0.8, 2500, 840
291, 296, 347, 348, 297, 5.6, 0.8, 2500, 840
292, 297, 348, 349, 298, 5.6, 0.8, 2500, 840
293, 298, 349, 350, 299, 5.6, 0.8, 2500, 840
294, 299, 350, 351, 300, 5.6, 0.8, 2500, 840
295, 300, 351, 352, 301, 5.6, 0.8, 2500, 840
296, 301, 352, 353, 302, 0, 0.151, 0.1664, 5193
297, 302, 353, 354, 303, 0, 0.151, 0.1664, 5193
298, 303, 354, 355, 304, 0, 0.151, 0.1664, 5193
299, 304, 355, 356, 305, 5.6, 0.8, 2500, 840
300, 305, 356, 357, 306, 5.6, 0.8, 2500, 840
301, 307, 358, 359, 308, 5.6, 0.8, 2500, 840
302, 308, 359, 360, 309, 5.6, 0.8, 2500, 840
303, 309, 360, 361, 310, 0, 0.151, 0.1664, 5193
304, 310, 361, 362, 311, 0, 0.151, 0.1664, 5193
305, 311, 362, 363, 312, 0, 0.151, 0.1664, 5193
306, 312, 363, 364, 313, 5.6, 0.8, 2500, 840
307, 313, 364, 365, 314, 5.6, 0.8, 2500, 840
308, 314, 365, 366, 315, 5.6, 0.8, 2500, 840
309, 315, 366, 367, 316, 5.6, 0.8, 2500, 840
310, 316, 367, 368, 317, 5.6, 0.8, 2500, 840
311, 317, 368, 369, 318, 5.6, 0.8, 2500, 840
312, 318, 369, 370, 319, 5.6, 0.8, 2500, 840
313, 319, 370, 371, 320, 5.6, 0.8, 2500, 840
314, 320, 371, 372, 321, 5.6, 0.8, 2500, 840
315, 321, 372, 373, 322, 5.6, 0.8, 2500, 840
316, 322, 373, 374, 323, 5.6, 0.8, 2500, 840
317, 323, 374, 375, 324, 5.6, 0.8, 2500, 840
318, 324, 375, 376, 325, 5.6, 0.8, 2500, 840
319, 325, 376, 377, 326, 5.6, 0.8, 2500, 840
320, 326, 377, 378, 327, 5.6, 0.8, 2500, 840
321, 327, 378, 379, 328, 5.6, 0.8, 2500, 840
322, 328, 379, 380, 329, 5.6, 0.8, 2500, 840
323, 329, 380, 381, 330, 5.6, 0.8, 2500, 840
324, 330, 381, 382, 331, 5.6, 0.8, 2500, 840
325, 331, 382, 383, 332, 5.6, 0.8, 2500, 840
326, 332, 383, 384, 333, 5.6, 0.8, 2500, 840
327, 333, 384, 385, 334, 5.6, 0.8, 2500, 840
328, 334, 385, 386, 335, 5.6, 0.8, 2500, 840
329, 335, 386, 387, 336, 5.6, 0.8, 2500, 840
330, 336, 387, 388, 337, 5.6, 0.8, 2500, 840
331, 337, 388, 389, 338, 5.6, 0.8, 2500, 840
332, 338, 389, 390, 339, 5.6, 0.8, 2500, 840
333, 339, 390, 391, 340, 5.6, 0.8, 2500, 840
334, 340, 391, 392, 341, 5.6, 0.8, 2500, 840
335, 341, 392, 393, 342, 5.6, 0.8, 2500, 840
336, 342, 393, 394, 343, 5.6, 0.8, 2500, 840
337, 343, 394, 395, 344, 5.6, 0.8, 2500, 840
338, 344, 395, 396, 345, 5.6, 0.8, 2500, 840
339, 345, 396, 397, 346, 5.6, 0.8, 2500, 840
340, 346, 397, 398, 347, 5.6, 0.8, 2500, 840
341, 347, 398, 399, 348, 5.6, 0.8, 2500, 840
342, 348, 399, 400, 349, 5.6, 0.8, 2500, 840
343, 349, 400, 401, 350, 5.6, 0.8, 2500, 840
344, 350, 401, 402, 351, 5.6, 0.8, 2500, 840
345, 351, 402, 403, 352, 5.6, 0.8, 2500, 840
346, 352, 403, 404, 353, 0, 0.151, 0.1664, 5193
347, 353, 404, 405, 354, 0, 0.151, 0.1664, 5193
348, 354, 405, 406, 355, 0, 0.151, 0.1664, 5193
349, 355, 406, 407, 356, 5.6, 0.8, 2500, 840
350, 356, 407, 408, 357, 5.6, 0.8, 2500, 840
351, 358, 409, 410, 359, 5.6, 0.8, 2500, 840
352, 359, 410, 411, 360, 5.6, 0.8, 2500, 840
353, 360, 411, 412, 361, 0, 0.151, 0.1664, 5193
354, 361, 412, 413, 362, 0, 0.151, 0.1664, 5193
355, 362, 413, 414, 363, 0, 0.151, 0.1664, 5193
356, 363, 414, 415, 364, 5.6, 0.8, 2500, 840
357, 364, 415, 416, 365, 5.6, 0.8, 2500, 840
358, 365, 416, 417, 366, 0, 0.6, 997, 4189.9
359, 366, 417, 418, 367, 0, 0.6, 997, 4189.9
360, 367, 418, 419, 368, 0, 0.6, 997, 4189.9
361, 368, 419, 420, 369, 0, 0.6, 997, 4189.9
362, 369, 420, 421, 370, 0, 0.6, 997, 4189.9
363, 370, 421, 422, 371, 0, 0.6, 997, 4189.9
364, 371, 422, 423, 372, 0, 0.6, 997, 4189.9
365, 372, 423, 424, 373, 0, 0.6, 997, 4189.9
366, 373, 424, 425, 374, 0, 0.6, 997, 4189.9
367, 374, 425, 426, 375, 0, 0.6, 997, 4189.9
368, 375, 426, 427, 376, 0, 0.6, 997, 4189.9
369, 376, 427, 428, 377, 0, 0.6, 997, 4189.9
370, 377, 428, 429, 378, 0, 0.6, 997, 4189.9
371, 378, 429, 430, 379, 0, 0.6, 997, 4189.9
372, 379, 430, 431, 380, 0, 0.6, 997, 4189.9
373, 380, 431, 432, 381, 0, 0.6, 997, 4189.9
374, 381, 432, 433, 382, 0, 0.6, 997, 4189.9
375, 382, 433, 434, 383, 0, 0.6, 997, 4189.9
376, 383, 434, 435, 384, 0, 0.6, 997, 4189.9
377, 384, 435, 436, 385, 0, 0.6, 997, 4189.9
378, 385, 436, 437, 386, 0, 0.6, 997, 4189.9
379, 386, 437, 438, 387, 0, 0.6, 997, 4189.9
380, 387, 438, 439, 388, 0, 0.6, 997, 4189.9
381, 388, 439, 440, 389, 0, 0.6, 997, 4189.9
382, 389, 440, 441, 390, 0, 0.6, 997, 4189.9
383, 390, 441, 442, 391, 0, 0.6, 997, 4189.9
384, 391, 442, 443, 392, 0, 0.6, 997, 4189.9
385, 392, 443, 444, 393, 0, 0.6, 997, 4189.9
386, 393, 444, 445, 394, 0, 0.6, 997, 4189.9
387, 394, 445, 446, 395, 0, 0.6, 997, 4189.9
388, 395, 446, 447, 396, 0, 0.6, 997, 4189.9
389, 396, 447, 448, 397, 0, 0.6, 997, 4189.9
390, 397, 448, 449, 398, 0, 0.6, 997, 4189.9
391, 398, 449, 450, 399, 0, 0.6, 997, 4189.9
392, 399, 450, 451, 400, 0, 0.6, 997, 4189.9
393, 400, 451, 452, 401, 0, 0.6, 997, 4189.9
394, 401, 452, 453, 402, 5.6, 0.8, 2500, 840
395, 402, 453, 454, 403, 5.6, 0.8, 2500, 840
396, 403, 454, 455, 404, 0, 0.151, 0.1664, 5193
397, 404, 455, 456, 405, 0, 0.151, 0.1664, 5193
398, 405, 456, 457, 406, 0, 0.151, 0.1664, 5193
399, 406, 457, 458, 407, 5.6, 0.8, 2500, 840
400, 407, 458, 459, 408, 5.6, 0.8, 2500, 840
401, 409, 460, 461, 410, 5.6, 0.8, 2500, 840
402, 410, 461, 462, 411, 5.6, 0.8, 2500, 840
403, 411, 462, 463, 412, 0, 0.151, 0.1664, 5193
404, 412, 463, 464, 413, 0, 0.151, 0.1664, 5193
405, 413, 464, 465, 414, 0, 0.151, 0.1664, 5193
406, 414, 465, 466, 415, 5.6, 0.8, 2500, 840
407, 415, 466, 467, 416, 5.6, 0.8, 2500, 840
408, 416, 467, 468, 417, 0, 0.6, 997, 4189.9
409, 417, 468, 469, 418, 0, 0.6, 997, 4189.9
410, 418, 469, 470, 419, 0, 0.6, 997, 4189.9
411, 419, 470, 471, 420, 0, 0.6, 997, 4189.9
412, 420, 471, 472, 421, 0, 0.6, 997, 4189.9
413, 421, 472, 473, 422, 0, 0.6, 997, 4189.9
414, 422, 473, 474, 423, 0, 0.6, 997, 4189.9
415, 423, 474, 475, 424, 0, 0.6, 997, 4189.9
416, 424, 475, 476, 425, 0, 0.6, 997, 4189.9
417, 425, 476, 477, 426, 0, 0.6, 997, 4189.9
418, 426, 477, 478, 427, 0, 0.6, 997, 4189.9
419, 427, 478, 479, 428, 0, 0.6, 997, 4189.9
420, 428, 479, 480, 429, 0, 0.6, 997, 4189.9
421, 429, 480, 481, 430, 0, 0.6, 997, 4189.9
422, 430, 481, 482, 431, 0, 0.6, 997, 4189.9
423, 431, 482, 483, 432, 0, 0.6, 997, 4189.9
424, 432, 483, 484, 433, 0, 0.6, 997, 4189.9
425, 433, 484, 485, 434, 0, 0.6, 997, 4189.9
426, 434, 485, 486, 435, 0, 0.6, 997, 4189.9
427, 435, 486, 487, 436, 0, 0.6, 997, 4189.9
428, 436, 487, 488, 437, 0, 0.6, 997, 4189.9
429, 437, 488, 489, 438, 0, 0.6, 997, 4189.9
430, 438, 489, 490, 439, 0, 0.6, 997, 4189.9
431, 439, 490, 491, 440, 0, 0.6, 997, 4189.9
432, 440, 491, 492, 441, 0, 0.6, 997, 4189.9
433, 441, 492, 493, 442, 0, 0.6, 997, 4189.9
434, 442, 493, 494, 443, 0, 0.6, 997, 4189.9
435, 443, 494, 495, 444, 0, 0.6, 997, 4189.9
436, 444, 495, 496, 445, 0, 0.6, 997, 4189.9
437, 445, 496, 497, 446, 0, 0.6, 997, 4189.9
438, 446, 497, 498, 447, 0, 0.6, 997, 4189.9
439, 447, 498, 499, 448, 0, 0.6, 997, 4189.9
440, 448, 499, 500, 449, 0, 0.6, 997, 4189.9
441, 449, 500, 501, 450, 0, 0.6, 997, 4189.9
442, 450, 501, 502, 451, 0, 0.6, 997, 4189.9
443, 451, 502, 503, 452, 0, 0.6, 997, 4189.9
444, 452, 503, 504, 453, 5.6, 0.8, 2500, 840
445, 453, 504, 505, 454, 5.6, 0.8, 2500, 840
446, 454, 505, 506, 455, 0, 0.151, 0.1664, 5193
447, 455, 506, 507, 456, 0, 0.151, 0.1664, 5193
448, 456, 507, 508, 457, 0, 0.151, 0.1664, 5193
449, 457, 508, 509, 458, 5.6, 0.8, 2500, 840
450, 458, 509, 510, 459, 5.6, 0.8, 2500, 840
451, 460, 511, 512, 461, 5.6, 0.8, 2500, 840
452, 461, 512, 513, 462, 5.6, 0.8, 2500, 840
453, 462, 513, 514, 463, 0, 0.151, 0.1664, 5193
454, 463, 514, 515, 464, 0, 0.151, 0.1664, 5193
455, 464, 515, 516, 465, 0, 0.151, 0.1664, 5193
456, 465, 516, 517, 466, 5.6, 0.8, 2500, 840
457, 466, 517, 518, 467, 5.6, 0.8, 2500, 840
458, 467, 518, 519, 468, 0, 0.6, 997, 4189.9
459, 468, 519, 520, 469, 0, 0.6, 997, 4189.9
460, 469, 520, 521, 470, 0, 0.6, 997, 4189.9
461, 470, 521, 522, 471, 0, 0.6, 997, 4189.9
462, 471, 522, 523, 472, 0, 0.6, 997, 4189.9
463, 472, 523, 524, 473, 0, 0.6, 997, 4189.9
464, 473, 524, 525, 474, 0, 0.6, 997, 4189.9
465, 474, 525, 526, 475, 0, 0.6, 997, 4189.9
466, 475, 526, 527, 476, 0, 0.6, 997, 4189.9
467, 476, 527, 528, 477, 0, 0.6, 997, 4189.9
468, 477, 528, 529, 478, 0, 0.6, 997, 4189.9
469, 478, 529, 530, 479, 0, 0.6, 997, 4189.9
470, 479, 530, 531, 480, 0, 0.6, 997, 4189.9
471, 480, 531, 532, 481, 0, 0.6, 997, 4189.9
472, 481, 532, 533, 482, 0, 0.6, 997, 4189.9
473, 482, 533, 534, 483, 0, 0.6, 997, 4189.9
474, 483, 534, 535, 484, 0, 0.6, 997, 4189.9
475, 484, 535, 536, 485, 0, 0.6, 997, 4189.9
476, 485, 536, 537, 486, 0, 0.6, 997, 4189.9
477, 486, 537, 538, 487, 0, 0.6, 997, 4189.9
478, 487, 538, 539, 488, 0, 0.6, 997, 4189.9
479, 488, 539, 540, 489, 0, 0.6, 997, 4189.9
480, 489, 540, 541, 490, 0, 0.6, 997, 4189.9
481, 490, 541, 542, 491, 0, 0.6, 997, 4189.9
482, 491, 542, 543, 492, 0, 0.6, 997, 4189.9
483, 492, 543, 544, 493, 0, 0.6, 997, 4189.9
484, 493, 544, 545, 494, 0, 0.6, 997, 4189.9
485, 494, 545, 546, 495, 0, 0.6, 997, 4189.9
486, 495, 546, 547, 496, 0, 0.6, 997, 4189.9
487, 496, 547, 548, 497, 0, 0.6, 997, 4189.9
488, 497, 548, 549, 498, 0, 0.6, 997, 4189.9
489, 498, 549, 550, 499, 0, 0.6, 997, 4189.9
490, 499, 550, 551, 500, 0, 0.6, 997, 4189.9
491, 500, 551, 552, 501, 0, 0.6, 997, 4189.9
492, 501, 552, 553, 502, 0, 0.6, 997, 4189.9
493, 502, 553, 554, 503, 0, 0.6, 997, 4189.9
494, 503, 554, 555, 504, 5.6, 0.8, 2500, 840
495, 504, 555, 556, 505, 5.6, 0.8, 2500, 840
496, 505, 556, 557, 506, 0, 0.151, 0.1664, 5193
497, 506, 557, 558, 507, 0, 0.151, 0.1664, 5193
498, 507, 558, 559, 508, 0, 0.151, 0.1664, 5193
499, 508, 559, 560, 509, 5.6, 0.8, 2500, 840
500, 509, 560, 561, 510, 5.6, 0.8, 2500, 840
501, 511, 562, 563, 512, 5.6, 0.8, 2500, 840
502, 512, 563, 564, 513, 5.6, 0.8, 2500, 840
503, 513, 564, 565, 514, 0, 0.151, 0.1664, 5193
504, 514, 565, 566, 515, 0, 0.151, 0.1664, 5193
505, 515, 566, 567, 516, 0, 0.151, 0.1664, 5193
506, 516, 567, 568, 517, 5.6, 0.8, 2500, 840
507, 517, 568, 569, 518, 5.6, 0.8, 2500, 840
508, 518, 569, 570, 519, 0, 0.6, 997, 4189.9
509, 519, 570, 571, 520, 0, 0.6, 997, 4189.9
510, 520, 571, 572, 521, 0, 0.6, 997, 4189.9
511, 521, 572, 573, 522, 0, 0.6, 997, 4189.9
512, 522, 573, 574, 523, 0, 0.6, 997, 4189.9
513, 523, 574, 575, 524, 0, 0.6, 997, 4189.9
514, 524, 575, 576, 525, 0, 0.6, 997, 4189.9
515, 525, 576, 577, 526, 0, 0.6, 997, 4189.9
516, 526, 577, 578, 527, 0, 0.6, 997, 4189.9
517, 527, 578, 579, 528, 0, 0.6, 997, 4189.9
518, 528, 579, 580, 529, 0, 0.6, 997, 4189.9
519, 529, 580, 581, 530, 0, 0.6, 997, 4189.9
520, 530, 581, 582, 531, 0, 0.6, 997, 4189.9
521, 531, 582, 583, 532, 0, 0.6, 997, 4189.9
522, 532, 583, 584, 533, 0, 0.6, 997, 4189.9
523, 533, 584, 585, 534, 0, 0.6, 997, 4189.9
524, 534, 585, 586, 535, 0, 0.6, 997, 4189.9
525, 535, 586, 587, 536, 0, 0.6, 997, 4189.9
526, 536, 587, 588, 537, 0, 0.6, 997, 4189.9
527, 537, 588, 589, 538, 0, 0.6, 997, 4189.9
528, 538, 589, 590, 539, 0, 0.6, 997, 4189.9
529, 539, 590, 591, 540, 0, 0.6, 997, 4189.9
530, 540, 591, 592, 541, 0, 0.6, 997, 4189.9
531, 541, 592, 593, 542, 0, 0.6, 997, 4189.9
532, 542, 593, 594, 543, 0, 0.6, 997, 4189.9
533, 543, 594, 595, 544, 0, 0.6, 997, 4189.9
534, 544, 595, 596, 545, 0, 0.6, 997, 4189.9
535, 545, 596, 597, 546, 0, 0.6, 997, 4189.9
536, 546, 597, 598, 547, 0, 0.6, 997, 4189.9
537, 547, 598, 599, 548, 0, 0.6, 997, 4189.9
538, 548, 599, 600, 549, 0, 0.6, 997, 4189.9
539, 549, 600, 601, 550, 0, 0.6, 997, 4189.9
540, 550, 601, 602, 551, 0, 0.6, 997, 4189.9
541, 551, 602, 603, 552, 0, 0.6, 997, 4189.9
542, 552, 603, 604, 553, 0, 0.6, 997, 4189.9
543, 553, 604, 605, 554, 0, 0.6, 997, 4189.9
544, 554, 605, 606, 555, 5.6, 0.8, 2500, 840
545, 555, 606, 607, 556, 5.6, 0.8, 2500, 840
546, 556, 607, 608, 557, 0, 0.151, 0.1664, 5193
547, 557, 608, 609, 558, 0, 0.151, 0.1664, 5193
548, 558, 609, 610, 559, 0, 0.151, 0.1664, 5193
549, 559, 610, 611, 560, 5.6, 0.8, 2500, 840
550, 560, 611, 612, 561, 5.6, 0.8, 2500, 840
551, 562, 613, 614, 563, 5.6, 0.8, 2500, 840
552, 563, 614, 615, 564, 5.6, 0.8, 2500, 840
553, 564, 615, 616, 565, 0, 0.151, 0.1664, 5193
554, 565, 616, 617, 566, 0, 0.151, 0.1664, 5193
555, 566, 617, 618, 567, 0, 0.151, 0.1664, 5193
556, 567, 618, 619, 568, 5.6, 0.8, 2500, 840
557, 568, 619, 620, 569, 5.6, 0.8, 2500, 840
558, 569, 620, 621, 570, 0, 0.6, 997, 4189.9
559, 570, 621, 622, 571, 0, 0.6, 997, 4189.9
560, 571, 622, 623, 572, 0, 0.6, 997, 4189.9
561, 572, 623, 624, 573, 0, 0.6, 997, 4189.9
562, 573, 624, 625, 574, 0, 0.6, 997, 4189.9
563, 574, 625, 626, 575, 0, 0.6, 997, 4189.9
564, 575, 626, 627, 576, 0, 0.6, 997, 4189.9
565, 576, 627, 628, 577, 0, 0.6, 997, 4189.9
566, 577, 628, 629, 578, 0, 0.6, 997, 4189.9
567, 578, 629, 630, 579, 0, 0.6, 997, 4189.9
568, 579, 630, 631, 580, 0, 0.6, 997, 4189.9
569, 580, 631, 632, 581, 0, 0.6, 997, 4189.9
570, 581, 632, 633, 582, 0, 0.6, 997, 4189.9
571, 582, 633, 634, 583, 0, 0.6, 997, 4189.9
572, 583, 634, 635, 584, 0, 0.6, 997, 4189.9
573, 584, 635, 636, 585, 0, 0.6, 997, 4189.9
574, 585, 636, 637, 586, 0, 0.6, 997, 4189.9
575, 586, 637, 638, 587, 0, 0.6, 997, 4189.9
576, 587, 638, 639, 588, 0, 0.6, 997, 4189.9
577, 588, 639, 640, 589, 0, 0.6, 997, 4189.9
578, 589, 640, 641, 590, 0, 0.6, 997, 4189.9
579, 590, 641, 642, 591, 0, 0.6, 997, 4189.9
580, 591, 642, 643, 592, 0, 0.6, 997, 4189.9
581, 592, 643, 644, 593, 0, 0.6, 997, 4189.9
582, 593, 644, 645, 594, 0, 0.6, 997, 4189.9
583, 594, 645, 646, 595, 0, 0.6, 997, 4189.9
584, 595, 646, 647, 596, 0, 0.6, 997, 4189.9
585, 596, 647, 648, 597, 0, 0.6, 997, 4189.9
586, 597, 648, 649, 598, 0, 0.6, 997, 4189.9
587, 598, 649, 650, 599, 0, 0.6, 997, 4189.9
588, 599, 650, 651, 600, 0, 0.6, 997, 4189.9
589, 600, 651, 652, 601, 0, 0.6, 997, 4189.9
590, 601, 652, 653, 602, 0, 0.6, 997, 4189.9
591, 602, 653, 654, 603, 0, 0.6, 997, 4189.9
592, 603, 654, 655, 604, 0, 0.6, 997, 4189.9
593, 604, 655, 656, 605, 0, 0.6, 997, 4189.9
594, 605, 656, 657, 606, 5.6, 0.8, 2500, 840
595, 606, 657, 658, 607, 5.6, 0.8, 2500, 840
596, 607, 658, 659, 608, 0, 0.151, 0.1664, 5193
597, 608, 659, 660, 609, 0, 0.151, 0.1664, 5193
598, 609, 660, 661, 610, 0, 0.151, 0.1664, 5193
599, 610, 661, 662, 611, 5.6, 0.8, 2500, 840
600, 611, 662, 663, 612, 5.6, 0.8, 2500, 840
601, 613, 664, 665, 614, 5.6, 0.8, 2500, 840
602, 614, 665, 666, 615, 5.6, 0.8, 2500, 840
603, 615, 666, 667, 616, 0, 0.151, 0.1664, 5193
604, 616, 667, 668, 617, 0, 0.151, 0.1664, 5193
605, 617, 668, 669, 618, 0, 0.151, 0.1664, 5193
606, 618, 669, 670, 619, 5.6, 0.8, 2500, 840
607, 619, 670, 671, 620, 5.6, 0.8, 2500, 840
608, 620, 671, 672, 621, 0, 0.6, 997, 4189.9
609, 621, 672, 673, 622, 0, 0.6, 997, 4189.9
610, 622, 673, 674, 623, 0, 0.6, 997, 4189.9
611, 623, 674, 675, 624, 0, 0.6, 997, 4189.9
612, 624, 675, 676, 625, 0, 0.6, 997, 4189.9
613, 625, 676, 677, 626, 0, 0.6, 997, 4189.9
614, 626, 677, 678, 627, 0, 0.6, 997, 4189.9
615, 627, 678, 679, 628, 0, 0.6, 997, 4189.9
616, 628, 679, 680, 629, 0, 0.6, 997, 4189.9
617, 629, 680, 681, 630, 0, 0.6, 997, 4189.9
618, 630, 681, 682, 631, 0, 0.6, 997, 4189.9
619, 631, 682, 683, 632, 0, 0.6, 997, 4189.9
620, 632, 683, 684, 633, 0, 0.6, 997, 4189.9
621, 633, 684, 685, 634, 0, 0.6, 997, 4189.9
622, 634, 685, 686, 635, 0, 0.6, 997, 4189.9
623, 635, 686, 687, 636, 0, 0.6, 997, 4189.9
624, 636, 687, 688, 637, 0, 0.6, 997, 4189.9
625, 637, 688, 689, 638, 0, 0.6, 997, 4189.9
626, 638, 689, 690, 639, 0, 0.6, 997, 4189.9
627, 639, 690, 691, 640, 0, 0.6, 997, 4189.9
628, 640, 691, 692, 641, 0, 0.6, 997, 4189.9
629, 641, 692, 693, 642, 0, 0.6, 997, 4189.9
630, 642, 693, 694, 643, 0, 0.6, 997, 4189.9
631, 643, 694, 695, 644, 0, 0.6, 997, 4189.9
632, 644, 695, 696, 645, 0, 0.6, 997, 4189.9
633, 645, 696, 697, 646, 0, 0.6, 997, 4189.9
634, 646, 697, 698, 647, 0, 0.6, 997, 4189.9
635, 647, 698, 699, 648, 0, 0.6, 997, 4189.9
636, 648, 699, 700, 649, 0, 0.6, 997, 4189.9
637, 649, 700, 701, 650, 0, 0.6, 997, 4189.9
638, 650, 701, 702, 651, 0, 0.6, 997, 4189.9
639, 651, 702, 703, 652, 0, 0.6, 997, 4189.9
640, 652, 703, 704, 653, 0, 0.6, 997, 4189.9
641, 653, 704, 705, 654, 0, 0.6, 997, 4189.9
642, 654, 705, 706, 655, 0, 0.6, 997, 4189.9
643, 655, 706, 707, 656, 0, 0.6, 997, 4189.9
644, 656, 707, 708, 657, 5.6, 0.8, 2500, 840
645, 657, 708, 709, 658, 5.6, 0.8, 2500, 840
646, 658, 709, 710, 659, 0, 0.151, 0.1664, 5193
647, 659, 710, 711, 660, 0, 0.151, 0.1664, 5193
648, 660, 711, 712, 661, 0, 0.151, 0.1664, 5193
649, 661, 712, 713, 662, 5.6, 0.8, 2500, 840
650, 662, 713, 714, 663, 5.6, 0.8, 2500, 840
651, 664, 715, 716, 665, 5.6, 0.8, 2500, 840
652, 665, 716, 717, 666, 5.6, 0.8, 2500, 840
653, 666, 717, 718, 667, 0, 0.151, 0.1664, 5193
654, 667, 718, 719, 668, 0, 0.151, 0.1664, 5193
655, 668, 719, 720, 669, 0, 0.151, 0.1664, 5193
656, 669, 720, 721, 670, 5.6, 0.8, 2500, 840
657, 670, 721, 722, 671, 5.6, 0.8, 2500, 840
658, 671, 722, 723, 672, 0, 0.6, 997, 4189.9
659, 672, 723, 724, 673, 0, 0.6, 997, 4189.9
660, 673, 724, 725, 674, 0, 0.6, 997, 4189.9
661, 674, 725, 726, 675, 0, 0.6, 997, 4189.9
662, 675, 726, 727, 676, 0, 0.6, 997, 4189.9
663, 676, 727, 728, 677, 0, 0.6, 997, 4189.9
664, 677, 728, 729, 678, 0, 0.6, 997, 4189.9
665, 678, 729, 730, 679, 0, 0.6, 997, 4189.9
666, 679, 730, 731, 680, 0, 0.6, 997, 4189.9
667, 680, 731, 732, 681, 0, 0.6, 997, 4189.9
668, 681, 732, 733, 682, 0, 0.6, 997, 4189.9
669, 682, 733, 734, 683, 0, 0.6, 997, 4189.9
670, 683, 734, 735, 684, 0, 0.6, 997, 4189.9
671, 684, 735, 736, 685, 0, 0.6, 997, 4189.9
672, 685, 736, 737, 686, 0, 0.6, 997, 4189.9
673, 686, 737, 738, 687, 0, 0.6, 997, 4189.9
674, 687, 738, 739, 688, 0, 0.6, 997, 4189.9
675, 688, 739, 740, 689, 0, 0.6, 997, 4189.9
676, 689, 740, 741, 690, 0, 0.6, 997, 4189.9
677, 690, 741, 742, 691, 0, 0.6, 997, 4189.9
678, 691, 742, 743, 692, 0, 0.6, 997, 4189.9
679, 692, 743, 744, 693, 0, 0.6, 997, 4189.9
680, 693, 744, 745, 694, 0, 0.6, 997, 4189.9
681, 694, 745, 746, 695, 0, 0.6, 997, 4189.9
682, 695, 746, 747, 696, 0, 0.6, 997, 4189.9
683, 696, 747, 748, 697, 0, 0.6, 997, 4189.9
684, 697, 748, 749, 698, 0, 0.6, 997, 4189.9
685, 698, 749, 750, 699, 0, 0.6, 997, 4189.9
686, 699, 750, 751, 700, 0, 0.6, 997, 4189.9
687, 700, 751, 752, 701, 0, 0.6, 997, 4189.9
688, 701, 752, 753, 702, 0, 0.6, 997, 4189.9
689, 702, 753, 754, 703, 0, 0.6, 997, 4189.9
690, 703, 754, 755, 704, 0, 0.6, 997, 4189.9
691, 704, 755, 756, 705, 0, 0.6, 997, 4189.9
692, 705, 756, 757, 706, 0, 0.6, 997, 4189.9
693, 706, 757, 758, 707, 0, 0.6, 997, 4189.9
694, 707, 758, 759, 708, 5.6, 0.8, 2500, 840
695, 708, 759, 760, 709, 5.6, 0.8, 2500, 840
696, 709, 760, 761, 710, 0, 0.151, 0.1664, 5193
697, 710, 761, 762, 711, 0, 0.151, 0.1664, 5193
698, 711, 762, 763, 712, 0, 0.151, 0.1664, 5193
699, 712, 763, 764, 713, 5.6, 0.8, 2500, 840
700, 713, 764, 765, 714, 5.6, 0.8, 2500, 840
701, 715, 766, 767, 716, 5.6, 0.8, 2500, 840
702, 716, 767, 768, 717, 5.6, 0.8, 2500, 840
703, 717, 768, 769, 718, 0, 0.151, 0.1664, 5193
704, 718, 769, 770, 719, 0, 0.151, 0.1664, 5193
705, 719, 770, 771, 720, 0, 0.151, 0.1664, 5193
706, 720, 771, 772, 721, 5.6, 0.8, 2500, 840
707, 721, 772, 773, 722, 5.6, 0.8, 2500, 840
708, 722, 773, 774, 723, 0, 0.6, 997, 4189.9
709, 723, 774, 775, 724, 0, 0.6, 997, 4189.9
710, 724, 775, 776, 725, 0, 0.6, 997, 4189.9
711, 725, 776, 777, 726, 0, 0.6, 997, 4189.9
712, 726, 777, 778, 727, 0, 0.6, 997, 4189.9
713, 727, 778, 779, 728, 0, 0.6, 997, 4189.9
714, 728, 779, 780, 729, 0, 0.6, 997, 4189.9
715, 729, 780, 781, 730, 0, 0.6, 997, 4189.9
716, 730, 781, 782, 731, 0, 0.6, 997, 4189.9
717, 731, 782, 783, 732, 0, 0.6, 997, 4189.9
718, 732, 783, 784, 733, 0, 0.6, 997, 4189.9
719, 733, 784, 785, 734, 0, 0.6, 997, 4189.9
720, 734, 785, 786, 735, 0, 0.6, 997, 4189.9
721, 735, 786, 787, 736, 0, 0.6, 997, 4189.9
722, 736, 787, 788, 737, 0, 0.6, 997, 4189.9
723, 737, 788, 789, 738, 0, 0.6, 997, 4189.9
724, 738, 789, 790, 739, 0, 0.6, 997, 4189.9
725, 739, 790, 791, 740, 0, 0.6, 997, 4189.9
726, 740, 791, 792, 741, 0, 0.6, 997, 4189.9
727, 741, 792, 793, 742, 0, 0.6, 997, 4189.9
728, 742, 793, 794, 743, 0, 0.6, 997, 4189.9
729, 743, 794, 795, 744, 0, 0.6, 997, 4189.9
730, 744, 795, 796, 745, 0, 0.6, 997, 4189.9
731, 745, 796, 797, 746, 0, 0.6, 997, 4189.9
732, 746, 797, 798, 747, 0, 0.6, 997, 4189.9
733, 747, 798, 799, 748, 0, 0.6, 997, 4189.9
734, 748, 799, 800, 749, 0, 0.6, 997, 4189.9
735, 749, 800, 801, 750, 0, 0.6, 997, 4189.9
736, 750, 801, 802, 751, 0, 0.6, 997, 4189.9
737, 751, 802, 803, 752, 0, 0.6, 997, 4189.9
738, 752, 803, 804, 753, 0, 0.6, 997, 4189.9
739, 753, 804, 805, 754, 0, 0.6, 997, 4189.9
740, 754, 805, 806, 755, 0, 0.6, 997, 4189.9
741, 755, 806, 807, 756, 0, 0.6, 997, 4189.9
742, 756, 807, 808, 757, 0, 0.6, 997, 4189.9
743, 757, 808, 809, 758, 0, 0.6, 997, 4189.9
744, 758, 809, 810, 759, 5.6, 0.8, 2500, 840
745, 759, 810, 811, 760, 5.6, 0.8, 2500, 840
746, 760, 811, 812, 761, 0, 0.151, 0.1664, 5193
747, 761, 812, 813, 762, 0, 0.151, 0.1664, 5193
748, 762, 813, 814, 763, 0, 0.151, 0.1664, 5193
749, 763, 814, 815, 764, 5.6, 0.8, 2500, 840
750, 764, 815, 816, 765, 5.6, 0.8, 2500, 840
751, 766, 817, 818, 767, 5.6, 0.8, 2500, 840
752, 767, 818, 819, 768, 5.6, 0.8, 2500, 840
753, 768, 819, 820, 769, 0, 0.151, 0.1664, 5193
754, 769, 820, 821, 770, 0, 0.151, 0.1664, 5193
755, 770, 821, 822, 771, 0, 0.151, 0.1664, 5193
756, 771, 822, 823, 772, 5.6, 0.8, 2500, 840
757, 772, 823, 824, 773, 5.6, 0.8, 2500, 840
758, 773, 824, 825, 774, 0, 0.6, 997, 4189.9
759, 774, 825, 826, 775, 0, 0.6, 997, 4189.9
760, 775, 826, 827, 776, 0, 0.6, 997, 4189.9
761, 776, 827, 828, 777, 0, 0.6, 997, 4189.9
762, 777, 828, 829, 778, 0, 0.6, 997, 4189.9
763, 778, 829, 830, 779, 0, 0.6, 997, 4189.9
764, 779, 830, 831, 780, 0, 0.6, 997, 4189.9
765, 780, 831, 832, 781, 0, 0.6, 997, 4189.9
766, 781, 832, 833, 782, 0, 0.6, 997, 4189.9
767, 782, 833, 834, 783, 0, 0.6, 997, 4189.9
768, 783, 834, 835, 784, 0, 0.6, 997, 4189.9
769, 784, 835, 836, 785, 0, 0.6, 997, 4189.9
770, 785, 836, 837, 786, 0, 0.6, 997, 4189.9
771, 786, 837, 838, 787, 0, 0.6, 997, 4189.9
772, 787, 838, 839, 788, 0, 0.6, 997, 4189.9
773, 788, 839, 840, 789, 0, 0.6, 997, 4189.9
774, 789, 840, 841, 790, 0, 0.6, 997, 4189.9
775, 790, 841, 842, 791, 0, 0.6, 997, 4189.9
776, 791, 842, 843, 792, 0, 0.6, 997, 4189.9
777, 792, 843, 844, 793, 0, 0.6, 997, 4189.9
778, 793, 844, 845, 794, 0, 0.6, 997, 4189.9
779, 794, 845, 846, 795, 0, 0.6, 997, 4189.9
780, 795, 846, 847, 796, 0, 0.6, 997, 4189.9
781, 796, 847, 848, 797, 0, 0.6, 997, 4189.9
782, 797, 848, 849, 798, 0, 0.6, 997, 4189.9
783, 798, 849, 850, 799, 0, 0.6, 997, 4189.9
784, 799, 850, 851, 800, 0, 0.6, 997, 4189.9
785, 800, 851, 852, 801, 0, 0.6, 997, 4189.9
786, 801, 852, 853, 802, 0, 0.6, 997, 4189.9
787, 802, 853, 854, 803, 0, 0.6, 997, 4189.9
788, 803, 854, 855, 804, 0, 0.6, 997, 4189.9
789, 804, 855, 856, 805, 0, 0.6, 997, 4189.9
790, 805, 856, 857, 806, 0, 0.6, 997, 4189.9
791, 806, 857, 858, 807, 0, 0.6, 997, 4189.9
792, 807, 858, 859, 808, 0, 0.6, 997, 4189.9
793, 808, 859, 860, 809, 0, 0.6, 997, 4189.9
794, 809, 860, 861, 810, 5.6, 0.8, 2500, 840
795, 810, 861, 862, 811, 5.6, 0.8, 2500, 840
796, 811, 862, 863, 812, 0, 0.151, 0.1664, 5193
797, 812, 863, 864, 813, 0, 0.151, 0.1664, 5193
798, 813, 864, 865, 814, 0, 0.151, 0.1664, 5193
799, 814, 865, 866, 815, 5.6, 0.8, 2500, 840
800, 815, 866, 867, 816, 5.6, 0.8, 2500, 840
801, 817, 868, 869, 818, 5.6, 0.8, 2500, 840
802, 818, 869, 870, 819, 5.6, 0.8, 2500, 840
803, 819, 870, 871, 820, 0, 0.151, 0.1664, 5193
804, 820, 871, 872, 821, 0, 0.151, 0.1664, 5193
805, 821, 872, 873, 822, 0, 0.151, 0.1664, 5193
806, 822, 873, 874, 823, 5.6, 0.8, 2500, 840
807, 823, 874, 875, 824, 5.6, 0.8, 2500, 840
808, 824, 875, 876, 825, 0, 0.6, 997, 4189.9
809, 825, 876, 877, 826, 0, 0.6, 997, 4189.9
810, 826, 877, 878, 827, 0, 0.6, 997, 4189.9
811, 827, 878, 879, 828, 0, 0.6, 997, 4189.9
812, 828, 879, 880, 829, 0, 0.6, 997, 4189.9
813, 829, 880, 881, 830, 0, 0.6, 997, 4189.9
814, 830, 881, 882, 831, 0, 0.6, 997, 4189.9
815, 831, 882, 883, 832, 0, 0.6, 997, 4189.9
816, 832, 883, 884, 833, 0, 0.6, 997, 4189.9
817, 833, 884, 885, 834, 0, 0.6, 997, 4189.9
818, 834, 885, 886, 835, 0, 0.6, 997, 4189.9
819, 835, 886, 887, 836, 0, 0.6, 997, 4189.9
820, 836, 887, 888, 837, 0, 0.6, 997, 4189.9
821, 837, 888, 889, 838, 0, 0.6, 997, 4189.9
822, 838, 889, 890, 839, 0, 0.6, 997, 4189.9
823, 839, 890, 891, 840, 0, 0.6, 997, 4189.9
824, 840, 891, 892, 841, 0, 0.6, 997, 4189.9
825, 841, 892, 893, 842, 0, 0.6, 997, 4189.9
826, 842, 893, 894, 843, 0, 0.6, 997, 4189.9
827, 843, 894, 895, 844, 0, 0.6, 997, 4189.9
828, 844, 895, 896, 845, 0, 0.6, 997, 4189.9
829, 845, 896, 897, 846, 0, 0.6, 997, 4189.9
830, 846, 897, 898, 847, 0, 0.6, 997, 4189.9
831, 847, 898, 899, 848, 0, 0.6, 997, 4189.9
832, 848, 899, 900, 849, 0, 0.6, 997, 4189.9
833, 849, 900, 901, 850, 0, 0.6, 997, 4189.9
834, 850, 901, 902, 851, 0, 0.6, 997, 4189.9
835, 851, 902, 903, 852, 0, 0.6, 997, 4189.9
836, 852, 903, 904, 853, 0, 0.6, 997, 4189.9
837, 853, 904, 905, 854, 0, 0.6, 997, 4189.9
838, 854, 905, 906, 855, 0, 0.6, 997, 4189.9
839, 855, 906, 907, 856, 0, 0.6, 997, 4189.9
840, 856, 907, 908, 857, 0, 0.6, 997, 4189.9
841, 857, 908, 909, 858, 0, 0.6, 997, 4189.9
842, 858, 909, 910, 859, 0, 0.6, 997, 4189.9
843, 859, 910, 911, 860, 0, 0.6, 997, 4189.9
844, 860, 911, 912, 861, 5.6, 0.8, 2500, 840
845, 861, 912, 913, 862, 5.6, 0.8, 2500, 840
846, 862, 913, 914, 863, 0, 0.151, 0.1664, 5193
847, 863, 914, 915, 864, 0, 0.151, 0.1664, 5193
848, 864, 915, 916, 865, 0, 0.151, 0.1664, 5193
849, 865, 916, 917, 866, 5.6, 0.8, 2500, 840
850, 866, 917, 918, 867, 5.6, 0.8, 2500, 840
851, 868, 919, 920, 869, 5.6, 0.8, 2500, 840
852, 869, 920, 921, 870, 5.6, 0.8, 2500, 840
853, 870, 921, 922, 871, 0, 0.151, 0.1664, 5193
854, 871, 922, 923, 872, 0, 0.151, 0.1664, 5193
855, 872, 923, 924, 873, 0, 0.151, 0.1664, 5193
856, 873, 924, 925, 874, 5.6, 0.8, 2500, 840
857, 874, 925, 926, 875, 5.6, 0.8, 2500, 840
858, 875, 926, 927, 876, 0, 0.6, 997, 4189.9
859, 876, 927, 928, 877, 0, 0.6, 997, 4189.9
860, 877, 928, 929, 878, 0, 0.6, 997, 4189.9
861, 878, 929, 930, 879, 0, 0.6, 997, 4189.9
862, 879, 930, 931, 880, 0, 0.6, 997, 4189.9
863, 880, 931, 932, 881, 0, 0.6, 997, 4189.9
864, 881, 932, 933, 882, 0, 0.6, 997, 4189.9
865, 882, 933, 934, 883, 0, 0.6, 997, 4189.9
866, 883, 934, 935, 884, 0, 0.6, 997, 4189.9
867, 884, 935, 936, 885, 0, 0.6, 997, 4189.9
868, 885, 936, 937, 886, 0, 0.6, 997, 4189.9
869, 886, 937, 938, 887, 0, 0.6, 997, 4189.9
870, 887, 938, 939, 888, 0, 0.6, 997, 4189.9
871, 888, 939, 940, 889, 0, 0.6, 997, 4189.9
872, 889, 940, 941, 890, 0, 0.6, 997, 4189.9
873, 890, 941, 942, 891, 0, 0.6, 997, 4189.9
874, 891, 942, 943, 892, 0, 0.6, 997, 4189.9
875, 892, 943, 944, 893, 0, 0.6, 997, 4189.9
876, 893, 944, 945, 894, 0, 0.6, 997, 4189.9
877, 894, 945, 946, 895, 0, 0.6, 997, 4189.9
878, 895, 946, 947, 896, 0, 0.6, 997, 4189.9
879, 896, 947, 948, 897, 0, 0.6, 997, 4189.9
880, 897, 948, 949, 898, 0, 0.6, 997, 4189.9
881, 898, 949, 950, 899, 0, 0.6, 997, 4189.9
882, 899, 950, 951, 900, 0, 0.6, 997, 4189.9
883, 900, 951, 952, 901, 0, 0.6, 997, 4189.9
884, 901, 952, 953, 902, 0, 0.6, 997, 4189.9
885, 902, 953, 954, 903, 0, 0.6, 997, 4189.9
886, 903, 954, 955, 904, 0, 0.6, 997, 4189.9
887, 904, 955, 956, 905, 0, 0.6, 997, 4189.9
888, 905, 956, 957, 906, 0, 0.6, 997, 4189.9
889, 906, 957, 958, 907, 0, 0.6, 997, 4189.9
890, 907, 958, 959, 908, 0, 0.6, 997, 4189.9
891, 908, 959, 960, 909, 0, 0.6, 997, 4189.9
892, 909, 960, 961, 910, 0, 0.6, 997, 4189.9
893, 910, 961, 962, 911, 0, 0.6, 997, 4189.9
894, 911, 962, 963, 912, 5.6, 0.8, 2500, 840
895, 912, 963, 964, 913, 5.6, 0.8, 2500, 840
896, 913, 964, 965, 914, 0, 0.151, 0.1664, 5193
897, 914, 965, 966, 915, 0, 0.151, 0.1664, 5193
898, 915, 966, 967, 916, 0, 0.151, 0.1664, 5193
899, 916, 967, 968, 917, 5.6, 0.8, 2500, 840
900, 917, 968, 969, 918, 5.6, 0.8, 2500, 840
901, 919, 970, 971, 920, 5.6, 0.8, 2500, 840
902, 920, 971, 972, 921, 5.6, 0.8, 2500, 840
903, 921, 972, 973, 922, 0, 0.151, 0.1664, 5193
904, 922, 973, 974, 923, 0, 0.151, 0.1664, 5193
905, 923, 974, 975, 924, 0, 0.151, 0.1664, 5193
906, 924, 975, 976, 925, 5.6, 0.8, 2500, 840
907, 925, 976, 977, 926, 5.6, 0.8, 2500, 840
908, 926, 977, 978, 927, 5.6, 0.8, 2500, 840
909, 927, 978, 979, 928, 5.6, 0.8, 2500, 840
910, 928, 979, 980, 929, 5.6, 0.8, 2500, 840
911, 929, 980, 981, 930, 5.6, 0.8, 2500, 840
912, 930, 981, 982, 931, 5.6, 0.8, 2500, 840
913, 931, 982, 983, 932, 5.6, 0.8, 2500, 840
914, 932, 983, 984, 933, 5.6, 0.8, 2500, 840
915, 933, 984, 985, 934, 5.6, 0.8, 2500, 840
916, 934, 985, 986, 935, 5.6, 0.8, 2500, 840
917, 935, 986, 987, 936, 5.6, 0.8, 2500, 840
918, 936, 987, 988, 937, 5.6, 0.8, 2500, 840
919, 937, 988, 989, 938, 5.6, 0.8, 2500, 840
920, 938, 989, 990, 939, 5.6, 0.8, 2500, 840
921, 939, 990, 991, 940, 5.6, 0.8, 2500, 840
922, 940, 991, 992, 941, 5.6, 0.8, 2500, 840
923, 941, 992, 993, 942, 5.6, 0.8, 2500, 840
924, 942, 993, 994, 943, 5.6, 0.8, 2500, 840
925, 943, 994, 995, 944, 5.6, 0.8, 2500, 840
926, 944, 995, 996, 945, 5.6, 0.8, 2500, 840
927, 945, 996, 997, 946, 5.6, 0.8, 2500, 840
928, 946, 997, 998, 947, 5.6, 0.8, 2500, 840
929, 947, 998, 999, 948, 5.6, 0.8, 2500, 840
930, 948, 999, 1000, 949, 5.6, 0.8, 2500, 840
931, 949, 1000, 1001, 950, 5.6, 0.8, 2500, 840
932, 950, 1001, 1002, 951, 5.6, 0.8, 2500, 840
933, 951, 1002, 1003, 952, 5.6, 0.8, 2500, 840
934, 952, 1003, 1004, 953, 5.6, 0.8, 2500, 840
935, 953, 1004, 1005, 954, 5.6, 0.8, 2500, 840
936, 954, 1005, 1006, 955, 5.6, 0.8, 2500, 840
937, 955, 1006, 1007, 956, 5.6, 0.8, 2500, 840
938, 956, 1007, 1008, 957, 5.6, 0.8, 2500, 840
939, 957, 1008, 1009, 958, 5.6, 0.8, 2500, 840
940, 958, 1009, 1010, 959, 5.6, 0.8, 2500, 840
941, 959, 1010, 1011, 960, 5.6, 0.8, 2500, 840
942, 960, 1011, 1012, 961, 5.6, 0.8, 2500, 840
943, 961, 1012, 1013, 962, 5.6, 0.8, 2500, 840
944, 962, 1013, 1014, 963, 5.6, 0.8, 2500, 840
945, 963, 1014, 1015, 964, 5.6, 0.8, 2500, 840
946, 964, 1015, 1016, 965, 0, 0.151, 0.1664, 5193
947, 965, 1016, 1017, 966, 0, 0.151, 0.1664, 5193
948, 966, 1017, 1018, 967, 0, 0.151, 0.1664, 5193
949, 967, 1018, 1019, 968, 5.6, 0.8, 2500, 840
950, 968, 1019, 1020, 969, 5.6, 0.8, 2500, 840
951, 970, 1021, 1022, 971, 5.6, 0.8, 2500, 840
952, 971, 1022, 1023, 972, 5.6, 0.8, 2500, 840
953, 972, 1023, 1024, 973, 0, 0.151, 0.1664, 5193
954, 973, 1024, 1025, 974, 0, 0.151, 0.1664, 5193
955, 974, 1025, 1026, 975, 0, 0.151, 0.1664, 5193
956, 975, 1026, 1027, 976, 5.6, 0.8, 2500, 840
957, 976, 1027, 1028, 977, 5.6, 0.8, 2500, 840
958, 977, 1028, 1029, 978, 5.6, 0.8, 2500, 840
959, 978, 1029, 1030, 979, 5.6, 0.8, 2500, 840
960, 979, 1030, 1031, 980, 5.6, 0.8, 2500, 840
961, 980, 1031, 1032, 981, 5.6, 0.8, 2500, 840
962, 981, 1032, 1033, 982, 5.6, 0.8, 2500, 840
963, 982, 1033, 1034, 983, 5.6, 0.8, 2500, 840
964, 983, 1034, 1035, 984, 5.6, 0.8, 2500, 840
965, 984, 1035, 1036, 985, 5.6, 0.8, 2500, 840
966, 985, 1036, 1037, 986, 5.6, 0.8, 2500, 840
967, 986, 1037, 1038, 987, 5.6, 0.8, 2500, 840
968, 987, 1038, 1039, 988, 5.6, 0.8, 2500, 840
969, 988, 1039, 1040, 989, 5.6, 0.8, 2500, 840
970, 989, 1040, 1041, 990, 5.6, 0.8, 2500, 840
971, 990, 1041, 1042, 991, 5.6, 0.8, 2500, 840
972, 991, 1042, 1043, 992, 5.6, 0.8, 2500, 840
973, 992, 1043, 1044, 993, 5.6, 0.8, 2500, 840
974, 993, 1044, 1045, 994, 5.6, 0.8, 2500, 840
975, 994, 1045, 1046, 995, 5.6, 0.8, 2500, 840
976, 995, 1046, 1047, 996, 5.6, 0.8, 2500, 840
977, 996, 1047, 1048, 997, 5.6, 0.8, 2500, 840
978, 997, 1048, 1049, 998, 5.6, 0.8, 2500, 840
979, 998, 1049, 1050, 999, 5.6, 0.8, 2500, 840
980, 999, 1050, 1051, 1000, 5.6, 0.8, 2500, 840
981, 1000, 1051, 1052, 1001, 5.6, 0.8, 2500, 840
982, 1001, 1052, 1053, 1002, 5.6, 0.8, 2500, 840
983, 1002, 1053, 1054, 1003, 5.6, 0.8, 2500, 840
984, 1003, 1054, 1055, 1004, 5.6, 0.8, 2500, 840
985, 1004, 1055, 1056, 1005, 5.6, 0.8, 2500, 840
986, 1005, 1056, 1057, 1006, 5.6, 0.8, 2500, 840
987, 1006, 1057, 1058, 1007, 5.6, 0.8, 2500, 840
988, 1007, 1058, 1059, 1008, 5.6, 0.8, 2500, 840
989, 1008, 1059, 1060, 1009, 5.6, 0.8, 2500, 840
990, 1009, 1060, 1061, 1010, 5.6, 0.8, 2500, 840
991, 1010, 1061, 1062, 1011, 5.6, 0.8, 2500, 840
992, 1011, 1062, 1063, 1012, 5.6, 0.8, 2500, 840
993, 1012, 1063, 1064, 1013, 5.6, 0.8, 2500, 840
994, 1013, 1064, 1065, 1014, 5.6, 0.8, 2500, 840
995, 1014, 1065, 1066, 1015, 5.6, 0.8, 2500, 840
996, 1015, 1066, 1067, 1016, 0, 0.151, 0.1664, 5193
997, 1016, 1067, 1068, 1017, 0, 0.151, 0.1664, 5193
998, 1017, 1068, 1069, 1018, 0, 0.151, 0.1664, 5193
999, 1018, 1069, 1070, 1019, 5.6, 0.8, 2500, 840
1000, 1019, 1070, 1071, 1020, 5.6, 0.8, 2500, 840
1001, 1021, 1072, 1073, 1022, 5.6, 0.8, 2500, 840
1002, 1022, 1073, 1074, 1023, 5.6, 0.8, 2500, 840
1003, 1023, 1074, 1075, 1024, 0, 0.151, 0.1664, 5193
1004, 1024, 1075, 1076, 1025, 0, 0.151, 0.1664, 5193
1005, 1025, 1076, 1077, 1026, 0, 0.151, 0.1664, 5193
1006, 1026, 1077, 1078, 1027, 0, 0.151, 0.1664, 5193
1007, 1027, 1078, 1079, 1028, 0, 0.151, 0.1664, 5193
1008, 1028, 1079, 1080, 1029, 0, 0.151, 0.1664, 5193
1009, 1029, 1080, 1081, 1030, 0, 0.151, 0.1664, 5193
1010, 1030, 1081, 1082, 1031, 0, 0.151, 0.1664, 5193
1011, 1031, 1082, 1083, 1032, 0, 0.151, 0.1664, 5193
1012, 1032, 1083, 1084, 1033, 0, 0.151, 0.1664, 5193
1013, 1033, 1084, 1085, 1034, 0, 0.151, 0.1664, 5193
1014, 1034, 1085, 1086, 1035, 0, 0.151, 0.1664, 5193
1015, 1035, 1086, 1087, 1036, 0, 0.151, 0.1664, 5193
1016, 1036, 1087, 1088, 1037, 0, 0.151, 0.1664, 5193
1017, 1037, 1088, 1089, 1038, 0, 0.151, 0.1664, 5193
1018, 1038, 1089, 1090, 1039, 0, 0.151, 0.1664, 5193
1019, 1039, 1090, 1091, 1040, 0, 0.151, 0.1664, 5193
1020, 1040, 1091, 1092, 1041, 0, 0.151, 0.1664, 5193
1021, 1041, 1092, 1093, 1042, 0, 0.151, 0.1664, 5193
1022, 1042, 1093, 1094, 1043, 0, 0.151, 0.1664, 5193
1023, 1043, 1094, 1095, 1044, 0, 0.151, 0.1664, 5193
1024, 1044, 1095, 1096, 1045, 0, 0.151, 0.1664, 5193
1025, 1045, 1096, 1097, 1046, 0, 0.151, 0.1664, 5193
1026, 1046, 1097, 1098, 1047, 0, 0.151, 0.1664, 5193
1027, 1047, 1098, 1099, 1048, 0, 0.151, 0.1664, 5193
1028, 1048, 1099, 1100, 1049, 0, 0.151, 0.1664, 5193
1029, 1049, 1100, 1101, 1050, 0, 0.151, 0.1664, 5193
1030, 1050, 1101, 1102, 1051, 0, 0.151, 0.1664, 5193
1031, 1051, 1102, 1103, 1052, 0, 0.151, 0.1664, 5193
1032, 1052, 1103, 1104, 1053, 0, 0.151, 0.1664, 5193
1033, 1053, 1104, 1105, 1054, 0, 0.151, 0.1664, 5193
1034, 1054, 1105, 1106, 1055, 0, 0.151, 0.1664, 5193
1035, 1055, 1106, 1107, 1056, 0, 0.151, 0.1664, 5193
1036, 1056, 1107, 1108, 1057, 0, 0.151, 0.1664, 5193
1037, 1057, 1108, 1109, 1058, 0, 0.151, 0.1664, 5193
1038, 1058, 1109, 1110, 1059, 0, 0.151, 0.1664, 5193
1039, 1059, 1110, 1111, 1060, 0, 0.151, 0.1664, 5193
1040, 1060, 1111, 1112, 1061, 0, 0.151, 0.1664, 5193
1041, 1061, 1112, 1113, 1062, 0, 0.151, 0.1664, 5193
1042, 1062, 1113, 1114, 1063, 0, 0.151, 0.1664, 5193
1043, 1063, 1114, 1115, 1064, 0, 0.151, 0.1664, 5193
1044, 1064, 1115, 1116, 1065, 0, 0.151, 0.1664, 5193
1045, 1065, 1116, 1117, 1066, 0, 0.151, 0.1664, 5193
1046, 1066, 1117, 1118, 1067, 0, 0.151, 0.1664, 5193
1047, 1067, 1118, 1119, 1068, 0, 0.151, 0.1664, 5193
1048, 1068, 1119, 1120, 1069, 0, 0.151, 0.1664, 5193
1049, 1069, 1120, 1121, 1070, 5.6, 0.8, 2500, 840
1050, 1070, 1121, 1122, 1071, 5.6, 0.8, 2500, 840
1051, 1072, 1123, 1124, 1073, 5.6, 0.8, 2500, 840
1052, 1073, 1124, 1125, 1074, 5.6, 0.8, 2500, 840
1053, 1074, 1125, 1126, 1075, 0, 0.151, 0.1664, 5193
1054, 1075, 1126, 1127, 1076, 0, 0.151, 0.1664, 5193
1055, 1076, 1127, 1128, 1077, 0, 0.151, 0.1664, 5193
1056, 1077, 1128, 1129, 1078, 0, 0.151, 0.1664, 5193
1057, 1078, 1129, 1130, 1079, 0, 0.151, 0.1664, 5193
1058, 1079, 1130, 1131, 1080, 0, 0.151, 0.1664, 5193
1059, 1080, 1131, 1132, 1081, 0, 0.151, 0.1664, 5193
1060, 1081, 1132, 1133, 1082, 0, 0.151, 0.1664, 5193
1061, 1082, 1133, 1134, 1083, 0, 0.151, 0.1664, 5193
1062, 1083, 1134, 1135, 1084, 0, 0.151, 0.1664, 5193
1063, 1084, 1135, 1136, 1085, 0, 0.151, 0.1664, 5193
1064, 1085, 1136, 1137, 1086, 0, 0.151, 0.1664, 5193
1065, 1086, 1137, 1138, 1087, 0, 0.151, 0.1664, 5193
1066, 1087, 1138, 1139, 1088, 0, 0.151, 0.1664, 5193
1067, 1088, 1139, 1140, 1089, 0, 0.151, 0.1664, 5193
1068, 1089, 1140, 1141, 1090, 0, 0.151, 0.1664, 5193
1069, 1090, 1141, 1142, 1091, 0, 0.151, 0.1664, 5193
1070, 1091, 1142, 1143, 1092, 0, 0.151, 0.1664, 5193
1071, 1092, 1143, 1144, 1093, 0, 0.151, 0.1664, 5193
1072, 1093, 1144, 1145, 1094, 0, 0.151, 0.1664, 5193
1073, 1094, 1145, 1146, 1095, 0, 0.151, 0.1664, 5193
1074, 1095, 1146, 1147, 1096, 0, 0.151, 0.1664, 5193
1075, 1096, 1147, 1148, 1097, 0, 0.151, 0.1664, 5193
1076, 1097, 1148, 1149, 1098, 0, 0.151, 0.1664, 5193
1077, 1098, 1149, 1150, 1099, 0, 0.151, 0.1664, 5193
1078, 1099, 1150, 1151, 1100, 0, 0.151, 0.1664, 5193
1079, 1100, 1151, 1152, 1101, 0, 0.151, 0.1664, 5193
1080, 1101, 1152, 1153, 1102, 0, 0.151, 0.1664, 5193
1081, 1102, 1153, 1154, 1103, 0, 0.151, 0.1664, 5193
1082, 1103, 1154, 1155, 1104, 0, 0.151, 0.1664, 5193
1083, 1104, 1155, 1156, 1105, 0, 0.151, 0.1664, 5193
1084, 1105, 1156, 1157, 1106, 0, 0.151, 0.1664, 5193
1085, 1106, 1157, 1158, 1107, 0, 0.151, 0.1664, 5193
1086, 1107, 1158, 1159, 1108, 0, 0.151, 0.1664, 5193
1087, 1108, 1159, 1160, 1109, 0, 0.151, 0.1664, 5193
1088, 1109, 1160, 1161, 1110, 0, 0.151, 0.1664, 5193
1089, 1110, 1161, 1162, 1111, 0, 0.151, 0.1664, 5193
1090, 1111, 1162, 1163, 1112, 0, 0.151, 0.1664, 5193
1091, 1112, 1163, 1164, 1113, 0, 0.151, 0.1664, 5193
1092, 1113, 1164, 1165, 1114, 0, 0.151, 0.1664, 5193
1093, 1114, 1165, 1166, 1115, 0, 0.151, 0.1664, 5193
1094, 1115, 1166, 1167, 1116, 0, 0.151, 0.1664, 5193
1095, 1116, 1167, 1168, 1117, 0, 0.151, 0.1664, 5193
1096, 1117, 1168, 1169, 1118, 0, 0.151, 0.1664, 5193
1097, 1118, 1169, 1170, 1119, 0, 0.151, 0.1664, 5193
1098, 1119, 1170, 1171, 1120, 0, 0.151, 0.1664, 5193
1099, 1120, 1171, 1172, 1121, 5.6, 0.8, 2500, 840
1100, 1121, 1172, 1173, 1122, 5.6, 0.8, 2500, 840
1101, 1123, 1174, 1175, 1124, 5.6, 0.8, 2500, 840
1102, 1124, 1175, 1176, 1125, 5.6, 0.8, 2500, 840
1103, 1125, 1176, 1177, 1126, 0, 0.151, 0.1664, 5193
1104, 1126, 1177, 1178, 1127, 0, 0.151, 0.1664, 5193
1105, 1127, 1178, 1179, 1128, 0, 0.151, 0.1664, 5193
1106, 1128, 1179, 1180, 1129, 0, 0.151, 0.1664, 5193
1107, 1129, 1180, 1181, 1130, 0, 0.151, 0.1664, 5193
1108, 1130, 1181, 1182, 1131, 0, 0.151, 0.1664, 5193
1109, 1131, 1182, 1183, 1132, 0, 0.151, 0.1664, 5193
1110, 1132, 1183, 1184, 1133, 0, 0.151, 0.1664, 5193
1111, 1133, 1184, 1185, 1134, 0, 0.151, 0.1664, 5193
1112, 1134, 1185, 1186, 1135, 0, 0.151, 0.1664, 5193
1113, 1135, 1186, 1187, 1136, 0, 0.151, 0.1664, 5193
1114, 1136, 1187, 1188, 1137, 0, 0.151, 0.1664, 5193
1115, 1137, 1188, 1189, 1138, 0, 0.151, 0.1664, 5193
1116, 1138, 1189, 1190, 1139, 0, 0.151, 0.1664, 5193
1117, 1139, 1190, 1191, 1140, 0, 0.151, 0.1664, 5193
1118, 1140, 1191, 1192, 1141, 0, 0.151, 0.1664, 5193
1119, 1141, 1192, 1193, 1142, 0, 0.151, 0.1664, 5193
1120, 1142, 1193, 1194, 1143, 0, 0.151, 0.1664, 5193
1121, 1143, 1194, 1195, 1144, 0, 0.151, 0.1664, 5193
1122, 1144, 1195, 1196, 1145, 0, 0.151, 0.1664, 5193
1123, 1145, 1196, 1197, 1146, 0, 0.151, 0.1664, 5193
1124, 1146, 1197, 1198, 1147, 0, 0.151, 0.1664, 5193
1125, 1147, 1198, 1199, 1148, 0, 0.151, 0.1664, 5193
1126, 1148, 1199, 1200, 1149, 0, 0.151, 0.1664, 5193
1127, 1149, 1200, 1201, 1150, 0, 0.151, 0.1664, 5193
1128, 1150, 1201, 1202, 1151, 0, 0.151, 0.1664, 5193
1129, 1151, 1202, 1203, 1152, 0, 0.151, 0.1664, 5193
1130, 1152, 1203, 1204, 1153, 0, 0.151, 0.1664, 5193
1131, 1153, 1204, 1205, 1154, 0, 0.151, 0.1664, 5193
1132, 1154, 1205, 1206, 1155, 0, 0.151, 0.1664, 5193
1133, 1155, 1206, 1207, 1156, 0, 0.151, 0.1664, 5193
1134, 1156, 1207, 1208, 1157, 0, 0.151, 0.1664, 5193
1135, 1157, 1208, 1209, 1158, 0, 0.151, 0.1664, 5193
1136, 1158, 1209, 1210, 1159, 0, 0.151, 0.1664, 5193
1137, 1159, 1210, 1211, 1160, 0, 0.151, 0.1664, 5193
1138, 1160, 1211, 1212, 1161, 0, 0.151, 0.1664, 5193
1139, 1161, 1212, 1213, 1162, 0, 0.151, 0.1664, 5193
1140, 1162, 1213, 1214, 1163, 0, 0.151, 0.1664, 5193
1141, 1163, 1214, 1215, 1164, 0, 0.151, 0.1664, 5193
1142, 1164, 1215, 1216, 1165, 0, 0.151, 0.1664, 5193
1143, 1165, 1216, 1217, 1166, 0, 0.151, 0.1664, 5193
1144, 1166, 1217, 1218, 1167, 0, 0.151, 0.1664, 5193
1145, 1167, 1218, 1219, 1168, 0, 0.151, 0.1664, 5193
1146, 1168, 1219, 1220, 1169, 0, 0.151, 0.1664, 5193
1147, 1169, 1220, 1221, 1170, 0, 0.151, 0.1664, 5193
1148, 1170, 1221, 1222, 1171, 0, 0.151, 0.1664, 5193
1149, 1171, 1222, 1223, 1172, 5.6, 0.8, 2500, 840
1150, 1172, 1223, 1224, 1173, 5.6, 0.8, 2500, 840
1151, 1174, 1225, 1226, 1175, 5.6, 0.8, 2500, 840
1152, 1175, 1226, 1227, 1176, 5.6, 0.8, 2500, 840
1153, 1176, 1227, 1228, 1177, 5.6, 0.8, 2500, 840
1154, 1177, 1228, 1229, 1178, 5.6, 0.8, 2500, 840
1155, 1178, 1229, 1230, 1179, 5.6, 0.8, 2500, 840
1156, 1179, 1230, 1231, 1180, 5.6, 0.8, 2500, 840
1157, 1180, 1231, 1232, 1181, 5.6, 0.8, 2500, 840
1158, 1181, 1232, 1233, 1182, 5.6, 0.8, 2500, 840
1159, 1182, 1233, 1234, 1183, 5.6, 0.8, 2500, 840
1160, 1183, 1234, 1235, 1184, 5.6, 0.8, 2500, 840
1161, 1184, 1235, 1236, 1185, 5.6, 0.8, 2500, 840
1162, 1185, 1236, 1237, 1186, 5.6, 0.8, 2500, 840
1163, 1186, 1237, 1238, 1187, 5.6, 0.8, 2500, 840
1164, 1187, 1238, 1239, 1188, 5.6, 0.8, 2500, 840
1165, 1188, 1239, 1240, 1189, 5.6, 0.8, 2500, 840
1166, 1189, 1240, 1241, 1190, 5.6, 0.8, 2500, 840
1167, 1190, 1241, 1242, 1191, 5.6, 0.8, 2500, 840
1168, 1191, 1242, 1243, 1192, 5.6, 0.8, 2500, 840
1169, 1192, 1243, 1244, 1193, 5.6, 0.8, 2500, 840
1170, 1193, 1244, 1245, 1194, 5.6, 0.8, 2500, 840
1171, 1194, 1245, 1246, 1195, 5.6, 0.8, 2500, 840
1172, 1195, 1246, 1247, 1196, 5.6, 0.8, 2500, 840
1173, 1196, 1247, 1248, 1197, 5.6, 0.8, 2500, 840
1174, 1197, 1248, 1249, 1198, 5.6, 0.8, 2500, 840
1175, 1198, 1249, 1250, 1199, 5.6, 0.8, 2500, 840
1176, 1199, 1250, 1251, 1200, 5.6, 0.8, 2500, 840
1177, 1200, 1251, 1252, 1201, 5.6, 0.8, 2500, 840
1178, 1201, 1252, 1253, 1202, 5.6, 0.8, 2500, 840
1179, 1202, 1253, 1254, 1203, 5.6, 0.8, 2500, 840
1180, 1203, 1254, 1255, 1204, 5.6, 0.8, 2500, 840
1181, 1204, 1255, 1256, 1205, 5.6, 0.8, 2500, 840
1182, 1205, 1256, 1257, 1206, 5.6, 0.8, 2500, 840
1183, 1206, 1257, 1258, 1207, 5.6, 0.8, 2500, 840
1184, 1207, 1258, 1259, 1208, 5.6, 0.8, 2500, 840
1185, 1208, 1259, 1260, 1209, 5.6, 0.8, 2500, 840
1186, 1209, 1260, 1261, 1210, 5.6, 0.8, 2500, 840
1187, 1210, 1261, 1262, 1211, 5.6, 0.8, 2500, 840
1188, 1211, 1262, 1263, 1212, 5.6, 0.8, 2500, 840
1189, 1212, 1263, 1264, 1213, 5.6, 0.8, 2500, 840
1190, 1213, 1264, 1265, 1214, 5.6, 0.8, 2500, 840
1191, 1214, 1265, 1266, 1215, 5.6, 0.8, 2500, 840
1192, 1215, 1266, 1267, 1216, 5.6, 0.8, 2500, 840
1193, 1216, 1267, 1268, 1217, 5.6, 0.8, 2500, 840
1194, 1217, 1268, 1269, 1218, 5.6, 0.8, 2500, 840
1195, 1218, 1269, 1270, 1219, 5.6, 0.8, 2500, 840
1196, 1219, 1270, 1271, 1220, 5.6, 0.8, 2500, 840
1197, 1220, 1271, 1272, 1221, 5.6, 0.8, 2500, 840
1198, 1221, 1272, 1273, 1222, 5.6, 0.8, 2500, 840
1199, 1222, 1273, 1274, 1223, 5.6, 0.8, 2500, 840
1200, 1223, 1274, 1275, 1224, 5.6, 0.8, 2500, 840
1201, 1225, 1276, 1277, 1226, 5.6, 0.8, 2500, 840
1202, 1226, 1277, 1278, 1227, 5.6, 0.8, 2500, 840
1203, 1227, 1278, 1279, 1228, 5.6, 0.8, 2500, 840
1204, 1228, 1279, 1280, 1229, 5.6, 0.8, 2500, 840
1205, 1229, 1280, 1281, 1230, 5.6, 0.8, 2500, 840
1206, 1230, 1281, 1282, 1231, 5.6, 0.8, 2500, 840
1207, 1231, 1282, 1283, 1232, 5.6, 0.8, 2500, 840
1208, 1232, 1283, 1284, 1233, 5.6, 0.8, 2500, 840
1209, 1233, 1284, 1285, 1234, 5.6, 0.8, 2500, 840
1210, 1234, 1285, 1286, 1235, 5.6, 0.8, 2500, 840
1211, 1235, 1286, 1287, 1236, 5.6, 0.8, 2500, 840
1212, 1236, 1287, 1288, 1237, 5.6, 0.8, 2500, 840
1213, 1237, 1288, 1289, 1238, 5.6, 0.8, 2500, 840
1214, 1238, 1289, 1290, 1239, 5.6, 0.8, 2500, 840
1215, 1239, 1290, 1291, 1240, 5.6, 0.8, 2500, 840
1216, 1240, 1291, 1292, 1241, 5.6, 0.8, 2500, 840
1217, 1241, 1292, 1293, 1242, 5.6, 0.8, 2500, 840
1218, 1242, 1293, 1294, 1243, 5.6, 0.8, 2500, 840
1219, 1243, 1294, 1295, 1244, 5.6, 0.8, 2500, 840
1220, 1244, 1295, 1296, 1245, 5.6, 0.8, 2500, 840
1221, 1245, 1296, 1297, 1246, 5.6, 0.8, 2500, 840
1222, 1246, 1297, 1298, 1247, 5.6, 0.8, 2500, 840
1223, 1247, 1298, 1299, 1248, 5.6, 0.8, 2500, 840
1224, 1248, 1299, 1300, 1249, 5.6, 0.8, 2500, 840
1225, 1249, 1300, 1301, 1250, 5.6, 0.8, 2500, 840
1226, 1250, 1301, 1302, 1251, 5.6, 0.8, 2500, 840
1227, 1251, 1302, 1303, 1252, 5.6, 0.8, 2500, 840
1228, 1252, 1303, 1304, 1253, 5.6, 0.8, 2500, 840
1229, 1253, 1304, 1305, 1254, 5.6, 0.8, 2500, 840
1230, 1254, 1305, 1306, 1255, 5.6, 0.8, 2500, 840
1231, 1255, 1306, 1307, 1256, 5.6, 0.8, 2500, 840
1232, 1256, 1307, 1308, 1257, 5.6, 0.8, 2500, 840
1233, 1257, 1308, 1309, 1258, 5.6, 0.8, 2500, 840
1234, 1258, 1309, 1310, 1259, 5.6, 0.8, 2500, 840
1235, 1259, 1310, 1311, 1260, 5.6, 0.8, 2500, 840
1236, 1260, 1311, 1312, 1261, 5.6, 0.8, 2500, 840
1237, 1261, 1312, 1313, 1262, 5.6, 0.8, 2500, 840
1238, 1262, 1313, 1314, 1263, 5.6, 0.8, 2500, 840
1239, 1263, 1314, 1315, 1264, 5.6, 0.8, 2500, 840
1240, 1264, 1315, 1316, 1265, 5.6, 0.8, 2500, 840
1241, 1265, 1316, 1317, 1266, 5.6, 0.8, 2500, 840
1242, 1266, 1317, 1318, 1267, 5.6, 0.8, 2500, 840
1243, 1267, 1318, 1319, 1268, 5.6, 0.8, 2500, 840
1244, 1268, 1319, 1320, 1269, 5.6, 0.8, 2500, 840
1245, 1269, 1320, 1321, 1270, 5.6, 0.8, 2500, 840
1246, 1270, 1321, 1322, 1271, 5.6, 0.8, 2500, 840
1247, 1271, 1322, 1323, 1272, 5.6, 0.8, 2500, 840
1248, 1272, 1323, 1324, 1273, 5.6, 0.8, 2500, 840
1249, 1273, 1324, 1325, 1274, 5.6, 0.8, 2500, 840
1250, 1274, 1325, 1326, 1275, 5.6, 0.8, 2500, 840
*BC
1, 2, 3, 4, 5, 6, 7, 8, 9, 10, 11, 12, 13, 14, 15, 16, 17, 18, 19, 20, 21, 22, 23, 24, 25, 26, 27, 28, 29, 30, 31, 32, 33, 34, 35, 36, 37, 38, 39, 40, 41, 42, 43, 44, 45, 46, 47, 48, 49, 50, 51, 52, 102, 103, 153, 154, 204, 205, 255, 256, 306, 307, 357, 358, 408, 409, 459, 460, 510, 511, 561, 562, 612, 613, 663, 664, 714, 715, 765, 766, 816, 817, 867, 868, 918, 919, 969, 970, 1020, 1021, 1071, 1072, 1122, 1123, 1173, 1174, 1224, 1225, 1275, 1276, 1277, 1278, 1279, 1280, 1281, 1282, 1283, 1284, 1285, 1286, 1287, 1288, 1289, 1290, 1291, 1292, 1293, 1294, 1295, 1296, 1297, 1298, 1299, 1300, 1301, 1302, 1303, 1304, 1305, 1306, 1307, 1308, 1309, 1310, 1311, 1312, 1313, 1314, 1315, 1316, 1317, 1318, 1319, 1320, 1321, 1322, 1323, 1324, 1325, 1326